person blockN blockType trial flankerSide targetSide respG respC targOri saccStart targDisplayLat dotRemoveTimeStamp targOnTimeStamp targOffTimeStamp
1 1 1 1 outer left 1 up right 0.197586 0.100000 0.967460 1.097931 1.148010
1 1 1 2 both left 0 down down 0.182951 0.097586 0.832800 0.947813 0.997802
1 1 1 3 both right NaN NaN left NaN 0.090269 1.066317 1.181327 1.231329
1 1 1 4 inner left 0 up right 0.182948 0.090269 1.112079 1.227130 1.277200
1 1 1 5 outer left 1 up up 0.182938 0.082951 1.016913 1.132003 1.182053
1 1 1 6 inner right 1 up up 0.299591 0.082950 0.799618 0.914710 0.964638
1 1 1 7 both right NaN NaN right NaN 0.082951 1.230918 1.345925 1.396017
1 1 1 8 both right 1 right left 0.166351 0.082951 1.116166 1.214669 1.264666
1 1 1 9 both right 1 down down 0.182997 0.082950 1.067067 1.182141 1.232154
1 1 1 10 none right 1 up up 0.165124 0.082951 1.182902 1.298040 1.347974
1 1 1 11 outer left 1 left left 0.165214 0.082950 0.999493 1.114605 1.164674
1 1 1 12 inner right 1 left left 0.182912 0.082948 1.166209 1.281351 1.331299
1 1 1 13 none right 1 up up 0.233021 0.082943 0.831359 0.946465 0.996402
1 1 1 14 both right 1 up left 0.216177 0.082948 0.961834 1.076915 1.126940
1 1 1 15 outer left 1 up left 0.182932 0.082950 0.879824 0.994849 1.044862
1 1 1 16 both left 1 right right 0.216258 0.082948 0.866231 0.981305 1.031375
1 1 1 17 outer left 1 right up 0.199534 0.082950 0.995920 1.110951 1.160939
1 1 1 18 outer left 0 down right 0.199629 0.082951 0.999629 1.114703 1.164633
1 1 1 19 outer right 1 left down 0.216270 0.082974 0.798320 0.896745 0.946741
1 1 1 20 inner right NaN NaN right NaN 0.082997 NaN 0.000000 0.000000
1 1 1 21 both left 1 right down 0.165103 0.082997 1.066232 1.181292 1.231290
1 1 1 22 none right 1 left left 0.216261 0.082974 0.916118 1.031219 1.081203
1 1 1 23 outer right 1 right left 0.216225 0.082997 1.061585 1.176625 1.226634
1 1 1 24 none right NaN NaN down NaN 0.090292 0.932888 1.047969 1.098066
1 1 1 25 inner right 1 up up 0.165049 0.090292 1.028805 1.143828 1.193836
1 1 1 26 none left 1 right right 0.199601 0.082997 0.882880 0.998057 1.047970
1 1 1 27 both right 1 left left 0.199831 0.090292 0.832847 0.948029 0.998038
1 1 1 28 none left 1 up up 0.199614 0.097586 0.899721 1.014728 1.064735
1 1 1 29 none left 1 right right 0.199571 0.098560 0.799618 0.914667 0.964682
1 1 1 30 outer left 1 up up 0.199696 0.099534 0.932788 1.047888 1.097959
1 1 1 31 outer left 1 right right 0.181749 0.099553 0.916096 1.047792 1.097843
1 1 1 32 none right 0 up up 0.182947 0.099534 1.029852 1.144887 1.194956
1 1 1 33 inner left 1 down down 0.182943 0.098560 1.049547 1.164649 1.214735
1 1 1 34 both left NaN NaN right NaN 0.097586 0.932877 1.047973 1.097971
1 1 1 35 none right 1 up up 0.182917 0.097586 0.911278 1.026364 1.076359
1 1 1 36 inner left 1 left left 0.199694 0.090292 0.866144 0.981179 1.031244
1 1 1 37 inner left 1 up left 0.249654 0.097586 0.797152 0.912212 0.962277
1 1 1 38 none left 1 left left 0.145422 0.098560 1.082845 1.197866 1.247854
1 1 1 39 inner left NaN NaN left NaN 0.097586 1.249576 1.364615 1.414620
1 1 1 40 inner right 1 left left 0.199626 0.097586 1.082738 1.197815 1.247840
1 2 2 1 both right 1 up up NaN 0.098560 1.228925 1.343976 1.393979
1 2 2 2 both right 1 up up NaN 0.098560 1.062189 1.177236 1.227199
1 2 2 3 outer left 1 up up NaN 0.098560 1.149551 1.264507 1.314509
1 2 2 4 inner left 1 left left NaN 0.098560 0.795557 0.910660 0.960584
1 2 2 5 both right 1 right right NaN 0.098560 1.232756 1.347894 1.397828
1 2 2 6 none right 1 down down NaN 0.098560 1.249641 1.364717 1.414799
1 2 2 7 outer left 1 down down NaN 0.098560 0.932904 1.048025 1.098026
1 2 2 8 both right 1 right right NaN 0.098560 1.182966 1.298019 1.347959
1 2 2 9 outer left 1 up up NaN 0.098560 0.999541 1.114693 1.164701
1 2 2 10 outer left NaN NaN left NaN 0.098560 NaN 0.000000 0.000000
1 2 2 11 outer left 0 left left NaN 0.098560 1.149560 1.264688 1.314623
1 2 2 12 outer left 1 right right NaN 0.098560 1.082839 1.197869 1.247890
1 2 2 13 both left 1 right down NaN 0.098560 1.132825 1.247927 1.297921
1 2 2 14 none right 1 right right NaN 0.098560 1.249479 1.364599 1.414594
1 2 2 15 none right 1 right right NaN 0.098560 0.999495 1.114598 1.164593
1 2 2 16 inner right 1 down down NaN 0.098560 0.779304 0.894321 0.944314
1 2 2 17 inner right 1 up up NaN 0.098560 1.031787 1.146961 1.196896
1 2 2 18 none right 1 left left NaN 0.098560 1.232859 1.348018 1.398019
1 2 2 19 inner right 1 up up NaN 0.098560 1.211704 1.326800 1.376845
1 2 2 20 none right NaN NaN down NaN 0.098560 NaN 0.000000 0.000000
1 2 2 21 outer right 0 up up NaN 0.098560 0.982849 1.097933 1.147947
1 2 2 22 both right 1 down down NaN 0.098560 1.082786 1.197891 1.247887
1 2 2 23 none right 0 right right NaN 0.098560 0.929210 1.044314 1.094306
1 2 2 24 none left 1 down down NaN 0.098560 0.982910 1.098004 1.147986
1 2 2 25 inner right 1 left left NaN 0.098560 0.832798 0.947987 0.997959
1 2 2 26 outer right 0 right down NaN 0.098560 1.166108 1.281190 1.331222
1 2 2 27 both left 0 right up NaN 0.098560 1.132846 1.247932 1.297938
1 2 2 28 inner right 1 left left NaN 0.098560 0.966155 1.081244 1.131238
1 2 2 29 both right 1 left left NaN 0.098560 0.916199 1.031264 1.081284
1 2 2 30 inner left 1 right right NaN 0.098560 0.865363 0.980477 1.030452
1 2 2 31 both left 1 right left NaN 0.098560 1.016116 1.131278 1.181281
1 2 2 32 outer right 1 up left NaN 0.098560 1.216135 1.331236 1.381243
1 2 2 33 outer left 1 up up NaN 0.098560 1.099472 1.214597 1.264594
1 2 2 34 both left 1 left left NaN 0.098560 1.099470 1.214557 1.264571
1 2 2 35 inner right 1 up up NaN 0.098560 0.966158 1.081258 1.131246
1 2 2 36 none left 1 left left NaN 0.098560 0.932826 1.047907 1.097906
1 2 2 37 inner right 1 right right NaN 0.098560 1.216060 1.331222 1.381226
1 2 2 38 none right 1 left left NaN 0.098560 1.132839 1.247918 1.297957
1 2 2 39 none left 1 right right NaN 0.098560 0.995232 1.110280 1.160287
1 2 2 40 inner right 1 down down NaN 0.098560 0.949495 1.064571 1.114575
1 3 1 1 outer right 1 right right 0.399566 0.098560 0.766151 0.881220 0.931206
1 3 1 2 inner left 1 right right 0.199613 0.299566 1.000419 1.332167 1.382173
1 3 1 3 none left 1 right down 0.182970 0.199589 1.066219 1.281286 1.331326
1 3 1 4 inner right 1 down down 0.199587 0.099613 1.216246 1.348002 1.397990
1 3 1 5 both right 1 right right 0.155404 0.099600 1.149496 1.281261 1.331260
1 3 1 6 both right 1 down down 0.131772 0.099587 0.799040 0.930794 0.980805
1 3 1 7 both right 1 right right 0.199615 0.091278 0.866050 0.981139 1.031143
1 3 1 8 both right NaN NaN up NaN 0.099587 1.066109 1.181250 1.231274
1 3 1 9 none left 1 down down 0.199598 0.099587 0.999549 1.131312 1.181301
1 3 1 10 both right NaN NaN up NaN 0.099592 1.216214 1.347910 1.397911
1 3 1 11 inner right 1 left right 0.199464 0.099592 0.846190 0.977829 1.027827
1 3 1 12 outer left 1 right down 0.199665 0.099587 0.799495 0.931247 0.981244
1 3 1 13 none left 1 down down 0.199587 0.099592 1.111637 1.226748 1.276753
1 3 1 14 both right 1 left left 0.199594 0.099587 0.900228 1.015303 1.065314
1 3 1 15 inner right 1 up right 0.165142 0.099590 1.016171 1.131286 1.181292
1 3 1 16 both right 1 right right 0.199628 0.099587 1.199606 1.331337 1.381328
1 3 1 17 outer right 1 up up 0.181800 0.099590 1.133778 1.265542 1.315543
1 3 1 18 outer left 0 right down 0.181797 0.099587 0.912822 1.044585 1.094585
1 3 1 19 inner left 0 right down 0.181778 0.099587 0.965704 1.097434 1.147473
1 3 1 20 none right 1 down down 0.232982 0.099587 0.783716 0.898822 0.948850
1 3 1 21 both left 1 right left 0.216268 0.099587 0.862321 0.977409 1.027415
1 3 1 22 outer right 1 up up 0.199622 0.099587 1.047065 1.178841 1.228851
1 3 1 23 none right 1 right right 0.182938 0.099590 0.996461 1.111561 1.161570
1 3 1 24 both left 1 right right 0.159517 0.099587 1.099570 1.231234 1.281231
1 3 1 25 inner left 1 right left 0.182934 0.099587 1.112399 1.227495 1.277484
1 3 1 26 outer left 1 up up 0.249599 0.099587 0.782794 0.897891 0.947877
1 3 1 27 none right 1 right left 0.066269 0.099587 1.216160 1.347913 1.397900
1 3 1 28 inner left 1 down down 0.181802 0.099587 1.211834 1.343563 1.393585
1 3 1 29 none left 1 down down 0.165112 0.099525 1.166193 1.281275 1.331272
1 3 1 30 outer right 1 right right 0.082873 0.099464 1.232841 1.347895 1.397879
1 3 1 31 inner left 1 up right 0.216177 0.091217 1.249657 1.364652 1.414660
1 3 1 32 both right 1 left left 0.181665 0.099464 1.149674 1.281301 1.331313
1 3 1 33 none right 1 left left 0.146632 0.091217 1.050317 1.165486 1.215423
1 3 1 34 outer left 1 left left 0.232964 0.082970 0.866167 0.981262 1.031271
1 3 1 35 outer left 0 left down 0.199525 0.091217 1.182886 1.297937 1.347909
1 3 1 36 none right 1 up up 0.216268 0.099464 0.832744 0.947846 0.997841
1 3 1 37 inner left 1 left left 0.182912 0.099495 1.032823 1.147872 1.197870
1 3 1 38 none left 1 right right 0.232941 0.099464 0.816158 0.931319 0.981294
1 3 1 39 inner right 1 up up 0.182948 0.099495 0.882831 0.997945 1.047934
1 3 1 40 outer right 1 down down 0.165127 0.099464 1.178117 1.293217 1.343219
1 4 2 1 both left 1 right left NaN 0.091217 0.862237 0.977363 1.027351
1 4 2 2 none right 1 down down NaN 0.091217 0.897059 1.012255 1.062250
1 4 2 3 outer left 1 up down NaN 0.091217 1.166208 1.281304 1.331302
1 4 2 4 outer left 1 up up NaN 0.091217 1.066194 1.181202 1.231201
1 4 2 5 none left 1 down down NaN 0.091217 0.932831 1.047913 1.097913
1 4 2 6 both right 1 down left NaN 0.091217 1.082971 1.198056 1.248124
1 4 2 7 both left 1 left left NaN 0.091217 1.111526 1.226627 1.276636
1 4 2 8 none left 1 left left NaN 0.091217 0.898380 1.013497 1.063491
1 4 2 9 both right 1 down down NaN 0.091217 1.182783 1.297894 1.347900
1 4 2 10 inner left 0 down down NaN 0.091217 1.178122 1.293195 1.343214
1 4 2 11 inner right 1 down down NaN 0.091217 0.866251 0.981219 1.031212
1 4 2 12 outer right 0 down down NaN 0.091217 0.799492 0.914582 0.964599
1 4 2 13 both left 1 up up NaN 0.091217 0.813483 0.928594 0.978558
1 4 2 14 inner right 1 down down NaN 0.091217 0.916088 1.031196 1.081192
1 4 2 15 inner right 1 up up NaN 0.091217 1.016210 1.131255 1.181185
1 4 2 16 both left 1 left down NaN 0.091217 0.967146 1.082230 1.132235
1 4 2 17 outer left 1 left left NaN 0.091217 1.116141 1.231230 1.281232
1 4 2 18 none left 1 up up NaN 0.091217 1.249453 1.364589 1.414588
1 4 2 19 both left 0 up up NaN 0.091217 0.895183 1.010298 1.060294
1 4 2 20 none right 1 right right NaN 0.091217 1.216132 1.331230 1.381203
1 4 2 21 none right 0 up up NaN 0.091217 1.216212 1.331273 1.381262
1 4 2 22 both left 0 right right NaN 0.091217 0.914059 1.029142 1.079163
1 4 2 23 none right 1 left left NaN 0.091217 0.966276 1.081320 1.131321
1 4 2 24 outer left 1 right right NaN 0.091217 1.066079 1.181185 1.231191
1 4 2 25 inner right 1 left left NaN 0.091217 0.882837 0.997939 1.047939
1 4 2 26 outer left 0 up up NaN 0.091217 1.182797 1.297890 1.347889
1 4 2 27 inner right 1 up left NaN 0.091217 1.079223 1.194291 1.244290
1 4 2 28 outer right 0 left up NaN 0.091217 1.030610 1.145698 1.195692
1 4 2 29 inner right 1 left left NaN 0.091217 0.932923 1.048018 1.098020
1 4 2 30 both left 1 up left NaN 0.091217 1.149533 1.264622 1.314624
1 4 2 31 none right 1 right right NaN 0.091217 1.232819 1.347921 1.397931
1 4 2 32 outer left 0 left left NaN 0.091217 1.199702 1.314631 1.364629
1 4 2 33 none left 0 right right NaN 0.091217 0.949478 1.064589 1.114586
1 4 2 34 outer left 0 down down NaN 0.091217 0.949445 1.064551 1.114548
1 4 2 35 inner right 1 down down NaN 0.091217 0.913294 1.028369 1.078379
1 4 2 36 inner left 1 right up NaN 0.091217 0.830451 0.945551 0.995486
1 4 2 37 both left 1 right right NaN 0.091217 1.015537 1.130634 1.180630
1 4 2 38 inner right 1 left left NaN 0.091217 1.131098 1.246180 1.296185
1 4 2 39 outer left 0 left left NaN 0.091217 1.166184 1.281265 1.331269
1 4 2 40 none right 1 right right NaN 0.091217 1.116179 1.231267 1.281267
1 5 1 1 outer right 1 down down 0.266236 0.091217 0.966198 1.081251 1.131246
1 5 1 2 inner left 1 up up 0.249690 0.166236 1.166101 1.347867 1.397864
1 5 1 3 both left 1 right right 0.116268 0.157963 0.831944 1.013705 1.063708
1 5 1 4 inner right 0 up up 0.116280 0.149690 1.099496 1.281255 1.331281
1 5 1 5 outer left 0 right down 0.182953 0.082985 0.816193 0.931321 0.981290
1 5 1 6 both right NaN NaN up NaN 0.082953 1.212725 1.327804 1.377855
1 5 1 7 both right NaN NaN down NaN 0.082953 1.166369 1.281363 1.331353
1 5 1 8 outer right 1 up up 0.182885 0.082953 1.179716 1.294796 1.344764
1 5 1 9 inner left 1 right left 0.165106 0.082919 1.229972 1.344992 1.395045
1 5 1 10 outer right 1 up up 0.166228 0.082885 1.047520 1.145983 1.195968
1 5 1 11 none right 1 up right 0.182932 0.074557 0.899631 0.997999 1.048038
1 5 1 12 both left 1 left up 0.216269 0.082885 1.116186 1.231263 1.281259
1 5 1 13 none left 1 up left 0.199691 0.082909 0.832837 0.947922 0.997931
1 5 1 14 both left 1 up up 0.182943 0.082932 1.216231 1.331315 1.381308
1 5 1 15 none right 1 down down 0.232944 0.082937 0.915194 1.030286 1.080285
1 5 1 16 inner right NaN NaN down NaN 0.082943 NaN 0.000000 0.000000
1 5 1 17 inner right 1 left left 0.016275 0.082943 1.179921 1.295023 1.345004
1 5 1 18 both left 1 down down 0.199620 0.082937 0.983513 1.098637 1.148612
1 5 1 19 none right 1 right right 0.183015 0.082943 1.000188 1.115288 1.165268
1 5 1 20 outer right 1 up up 0.199700 0.082948 1.233313 1.348472 1.398454
1 5 1 21 outer right NaN NaN left NaN 0.082953 0.782818 0.897862 0.947917
1 5 1 22 none left 1 down down 0.182914 0.082953 0.983066 1.098078 1.148137
1 5 1 23 inner right 1 left right 0.148488 0.082948 1.116191 1.214657 1.264683
1 5 1 24 outer left 1 up up 0.282926 0.082943 0.783243 0.881683 0.931686
1 5 1 25 none right NaN NaN down NaN 0.082948 0.999487 1.114571 1.164558
1 5 1 26 inner left 1 down right 0.216241 0.082948 0.766143 0.881201 0.931210
1 5 1 27 none right 1 right right 0.182980 0.082953 0.916790 1.031811 1.081873
1 5 1 28 none left 1 right right 0.165079 0.082967 0.949470 1.064571 1.114515
1 5 1 29 outer right 1 down down 0.116405 0.082953 1.262096 1.377157 1.427178
1 5 1 30 inner left NaN NaN up NaN 0.082948 0.949533 1.064562 1.114560
1 5 1 31 both right 1 up up 0.165124 0.082948 0.966126 1.081275 1.131237
1 5 1 32 both right 1 left left 0.199673 0.082943 1.180072 1.278531 1.328534
1 5 1 33 outer right 1 left right 0.199553 0.082948 0.999512 1.114561 1.164547
1 5 1 34 inner left 1 left left 0.066283 0.082953 1.179703 1.294827 1.344831
1 5 1 35 outer right 1 up up 0.216437 0.082948 1.049221 1.164306 1.214324
1 5 1 36 none left 1 right right 0.182999 0.082953 1.232837 1.347934 1.397932
1 5 1 37 none left 1 up up 0.199625 0.082967 0.945345 1.043787 1.093799
1 5 1 38 both right NaN NaN left NaN 0.082980 1.049551 1.164624 1.214631
1 5 1 39 both left NaN NaN down NaN 0.082980 NaN 0.000000 0.000000
1 5 1 40 inner left 1 up up 0.216228 0.082980 0.966156 1.081224 1.131221
1 6 2 1 none left NaN NaN up NaN 0.082989 1.114271 1.229431 1.279363
1 6 2 2 both right 1 down left NaN 0.082989 1.249512 1.348010 1.398023
1 6 2 3 inner left 1 down down NaN 0.082989 1.049596 1.164664 1.214655
1 6 2 4 none right 1 left left NaN 0.082989 0.949449 1.064565 1.114564
1 6 2 5 inner left 1 down left NaN 0.082989 1.083356 1.198431 1.248432
1 6 2 6 both right 1 down down NaN 0.082989 0.932797 1.047869 1.097916
1 6 2 7 none right 1 up up NaN 0.082989 0.882891 0.997906 1.047907
1 6 2 8 both right 1 down left NaN 0.082989 0.899539 1.014569 1.064649
1 6 2 9 outer left 1 left left NaN 0.082989 1.250120 1.365167 1.415166
1 6 2 10 both left 1 right right NaN 0.082989 1.049476 1.164563 1.214570
1 6 2 11 both left 1 up right NaN 0.082989 0.816822 0.931937 0.981933
1 6 2 12 none right 1 up up NaN 0.082989 1.196458 1.311478 1.361488
1 6 2 13 both right 0 right right NaN 0.082989 0.950029 1.065111 1.115096
1 6 2 14 both right 1 left left NaN 0.082989 0.816128 0.931221 0.981227
1 6 2 15 both left 1 down right NaN 0.082989 0.782830 0.897927 0.947905
1 6 2 16 outer left 1 down down NaN 0.082989 0.963703 1.078826 1.128807
1 6 2 17 inner left 1 right right NaN 0.082989 1.199889 1.314996 1.364995
1 6 2 18 inner left 0 down left NaN 0.082989 0.816107 0.931206 0.981210
1 6 2 19 outer left 1 up up NaN 0.082989 0.966185 1.081276 1.131271
1 6 2 20 none right 1 up up NaN 0.082989 0.799454 0.914554 0.964608
1 6 2 21 outer right 1 down down NaN 0.082989 0.916103 1.031205 1.081207
1 6 2 22 outer left 1 left left NaN 0.082989 1.079515 1.194604 1.244599
1 6 2 23 outer right 1 down down NaN 0.082989 0.966180 1.081202 1.131205
1 6 2 24 outer right 1 left left NaN 0.082989 0.899413 1.014516 1.064512
1 6 2 25 both right 1 down down NaN 0.082989 1.199561 1.314638 1.364578
1 6 2 26 inner left 1 left left NaN 0.082989 1.232762 1.347915 1.397905
1 6 2 27 outer left 1 up up NaN 0.082989 0.931580 1.046636 1.096637
1 6 2 28 outer right 0 right right NaN 0.082989 0.816150 0.931261 0.981224
1 6 2 29 outer left 0 right right NaN 0.082989 1.016275 1.131313 1.181312
1 6 2 30 none right 1 down down NaN 0.082989 0.782799 0.897912 0.947864
1 6 2 31 inner right 1 left left NaN 0.082989 1.182854 1.297918 1.347913
1 6 2 32 both left 0 right down NaN 0.082989 1.166259 1.281252 1.331251
1 6 2 33 none left 1 left left NaN 0.082989 0.999495 1.114607 1.164603
1 6 2 34 none right 1 down down NaN 0.082989 0.849550 0.964575 1.014595
1 6 2 35 inner left 1 right right NaN 0.082989 1.082817 1.197884 1.247891
1 6 2 36 inner right 0 up up NaN 0.082989 0.982600 1.097719 1.147760
1 6 2 37 inner right NaN NaN left NaN 0.082989 0.916182 1.031260 1.081281
1 6 2 38 none left 1 left left NaN 0.082989 1.080617 1.195765 1.245729
1 6 2 39 none right 1 down down NaN 0.082989 1.016860 1.131955 1.181941
1 6 2 40 inner left 1 right left NaN 0.082989 0.911450 1.026524 1.076554
1 7 1 1 outer left NaN NaN down NaN 0.082989 0.882812 0.997932 1.047932
1 7 1 2 none right 1 up up 0.082944 0.082989 1.246695 1.361798 1.411799
1 7 1 3 none right 1 up right 0.166213 0.020000 0.897722 0.946119 0.996081
1 7 1 4 both right NaN NaN left NaN 0.024578 1.262841 1.311282 1.361270
1 7 1 5 inner right NaN NaN left NaN 0.024578 1.029033 1.077468 1.127469
1 7 1 6 outer right 1 right up 0.182929 0.024578 0.978935 1.027356 1.077377
1 7 1 7 both left 1 up up 0.216311 0.066213 0.946783 1.045219 1.095220
1 7 1 8 outer left 1 left down 0.216230 0.074571 0.945383 1.043772 1.093779
1 7 1 9 both left 1 left right 0.182948 0.082929 1.116208 1.231310 1.281305
1 7 1 10 outer right NaN NaN left NaN 0.082938 1.131910 1.247012 1.297049
1 7 1 11 outer left 1 left down 0.216281 0.082938 0.916137 1.031227 1.081264
1 7 1 12 outer right 1 up up 0.216201 0.082948 0.766764 0.881813 0.931798
1 7 1 13 none left NaN NaN left NaN 0.099574 0.899475 1.014577 1.064577
1 7 1 14 both left 1 right right 0.182999 0.099574 0.848435 0.963544 1.013545
1 7 1 15 inner left 1 left left 0.165123 0.082999 1.216182 1.331237 1.381251
1 7 1 16 inner right 0 left left 0.216286 0.082973 0.849499 0.964657 1.014600
1 7 1 17 inner right 1 up up 0.216229 0.082999 0.832977 0.948003 0.998001
1 7 1 18 outer right 1 up up 0.181757 0.099600 1.099510 1.231263 1.281270
1 7 1 19 inner left 1 right down 0.165149 0.082999 1.166138 1.281247 1.331254
1 7 1 20 inner left 1 left left 0.232931 0.082973 0.849476 0.964570 1.014559
1 7 1 21 none left 1 up up 0.199611 0.082999 0.861544 0.976658 1.026658
1 7 1 22 both left 1 down down 0.199622 0.091305 0.882877 0.997971 1.047973
1 7 1 23 both right 1 down down 0.049525 0.099611 1.233187 1.364864 1.414923
1 7 1 24 inner right 1 left left 0.182889 0.091305 1.166205 1.281235 1.331227
1 7 1 25 inner left 1 right right 0.216233 0.082999 0.779292 0.877709 0.927723
1 7 1 26 inner right 1 down down 0.199695 0.091305 0.882743 0.997933 1.047934
1 7 1 27 none left 1 right right 0.199580 0.099611 1.116218 1.247952 1.297955
1 7 1 28 outer right 1 left left 0.147529 0.099596 1.149547 1.281301 1.331317
1 7 1 29 both left 1 left left 0.181774 0.099580 1.032812 1.164562 1.214556
1 7 1 30 none left NaN NaN right NaN 0.091290 1.132016 1.247113 1.297112
1 7 1 31 none left 1 right right 0.182882 0.091290 0.899615 1.014703 1.064680
1 7 1 32 inner right 1 left left 0.232931 0.082999 0.832839 0.947923 0.997930
1 7 1 33 none left 1 up up 0.199638 0.091290 1.045764 1.160929 1.210877
1 7 1 34 outer left NaN NaN right NaN 0.099580 NaN 0.000000 0.000000
1 7 1 35 both left 1 left right 0.199508 0.099580 0.778163 0.909897 0.959912
1 7 1 36 outer right 1 left left 0.199597 0.099544 1.233003 1.348080 1.398092
1 7 1 37 none left 0 left left 0.182911 0.099580 1.061959 1.177047 1.227040
1 7 1 38 both right NaN NaN right NaN 0.099544 1.199506 1.314607 1.364606
1 7 1 39 none right 1 up up 0.182958 0.099544 1.049455 1.164553 1.214571
1 7 1 40 both right 1 down down 0.199627 0.099508 1.232849 1.347943 1.397942
1 8 2 1 none right 1 right right NaN 0.099544 1.132882 1.264560 1.314560
1 8 2 2 inner left 1 right left NaN 0.099544 0.866120 0.981224 1.031224
1 8 2 3 none left 1 down down NaN 0.099544 0.766199 0.881294 0.931300
1 8 2 4 inner right 1 up up NaN 0.099544 1.066141 1.181229 1.231240
1 8 2 5 outer right 1 right left NaN 0.099544 0.849461 0.964560 1.014562
1 8 2 6 inner left 1 left left NaN 0.099544 1.199470 1.314575 1.364573
1 8 2 7 none right 1 left left NaN 0.099544 0.828800 0.943808 0.993884
1 8 2 8 both left 1 up up NaN 0.099544 1.032854 1.147947 1.197991
1 8 2 9 none left 1 up up NaN 0.099544 0.882942 1.014640 1.064631
1 8 2 10 none left 1 right right NaN 0.099544 0.916165 1.031264 1.081266
1 8 2 11 both left NaN NaN down NaN 0.099544 NaN 0.000000 0.000000
1 8 2 12 outer right 1 up up NaN 0.099544 0.782814 0.897921 0.947916
1 8 2 13 inner left 1 right right NaN 0.099544 1.245056 1.360216 1.410165
1 8 2 14 outer right 0 down down NaN 0.099544 1.182797 1.297901 1.347910
1 8 2 15 outer right 1 up up NaN 0.099544 1.166394 1.298066 1.348072
1 8 2 16 none left 1 left left NaN 0.099544 1.066124 1.181146 1.231283
1 8 2 17 both right 0 down left NaN 0.099544 0.862698 0.994383 1.044411
1 8 2 18 outer right 0 right left NaN 0.099544 0.780079 0.895196 0.945166
1 8 2 19 none right 1 up up NaN 0.099544 1.049475 1.164599 1.214598
1 8 2 20 outer right 1 left right NaN 0.099544 1.099590 1.231379 1.281373
1 8 2 21 outer left 0 up up NaN 0.099544 1.099499 1.231235 1.281236
1 8 2 22 inner right 0 right right NaN 0.099544 0.816213 0.931299 0.981317
1 8 2 23 outer right 1 up left NaN 0.099544 1.028306 1.143406 1.193391
1 8 2 24 both left 0 up left NaN 0.099544 0.930897 1.045991 1.096005
1 8 2 25 inner right 0 right right NaN 0.099544 0.866210 0.981305 1.031308
1 8 2 26 inner right 1 down down NaN 0.099544 0.932857 1.047958 1.097963
1 8 2 27 inner left 1 up up NaN 0.099544 0.799431 0.914576 0.964581
1 8 2 28 both right 1 up up NaN 0.099544 0.782784 0.897864 0.947872
1 8 2 29 none right 1 up up NaN 0.099544 0.866152 0.981234 1.031227
1 8 2 30 both right 1 up up NaN 0.099544 0.995218 1.110328 1.160324
1 8 2 31 inner right 1 left left NaN 0.099544 1.216214 1.331306 1.381309
1 8 2 32 outer right 0 right right NaN 0.099544 1.082813 1.197934 1.247920
1 8 2 33 both left 1 left right NaN 0.099544 0.966097 1.081203 1.131207
1 8 2 34 both left 1 up up NaN 0.099544 1.048597 1.163700 1.213712
1 8 2 35 inner right 1 left left NaN 0.099544 0.816123 0.931267 0.981233
1 8 2 36 none right 0 left left NaN 0.099544 1.182821 1.297923 1.347920
1 8 2 37 outer left 1 left left NaN 0.099544 0.832879 0.964609 1.014607
1 8 2 38 none left 1 down down NaN 0.099544 0.932759 1.047874 1.097872
1 8 2 39 both left 1 right left NaN 0.099544 1.216198 1.331277 1.381258
1 8 2 40 both left 1 right down NaN 0.099544 1.149454 1.264545 1.314505
1 9 1 1 outer right 0 right right 0.165113 0.099544 1.216170 1.331246 1.381251
1 9 1 2 inner left 1 left left 0.249586 0.065113 0.849482 0.931239 0.981288
1 9 1 3 both left 1 left left 0.181815 0.107349 0.916135 1.047891 1.097904
1 9 1 4 outer left 1 left left 0.016188 0.081815 1.196512 1.294886 1.344877
1 9 1 5 both right 1 left left 0.199598 0.073464 1.033169 1.131585 1.181603
1 9 1 6 none right 1 left down 0.166413 0.081815 1.197842 1.296266 1.346263
1 9 1 7 inner left 1 left right 0.216260 0.074114 0.916416 1.014811 1.064825
1 9 1 8 inner left 1 right right 0.166278 0.081815 1.261434 1.359856 1.409872
1 9 1 9 inner left 1 up up 0.182920 0.074114 1.112103 1.210521 1.260523
1 9 1 10 none left 0 right right 0.199520 0.081815 1.061632 1.160046 1.209987
1 9 1 11 none right 0 up up 0.199531 0.082367 1.132851 1.231199 1.281220
1 9 1 12 outer right 1 left left 0.182925 0.082920 0.932816 1.047918 1.097916
1 9 1 13 none right 1 left down 0.182954 0.082922 0.867031 0.982137 1.032131
1 9 1 14 inner right NaN NaN down NaN 0.082925 1.066172 1.164620 1.214642
1 9 1 15 none left 1 right right 0.182936 0.082925 1.131129 1.246212 1.296210
1 9 1 16 outer right 1 right right 0.199696 0.082931 0.899461 1.014555 1.064544
1 9 1 17 inner right 1 up up 0.166329 0.082936 0.966060 1.064560 1.114555
1 9 1 18 outer left 1 up up 0.199540 0.082931 0.850183 0.965214 1.015213
1 9 1 19 inner right 1 down down 0.165132 0.082936 0.949498 1.064605 1.114603
1 9 1 20 both right NaN NaN down NaN 0.082931 1.199472 1.314597 1.364559
1 9 1 21 none left NaN NaN left NaN 0.082931 1.166148 1.281313 1.331247
1 9 1 22 both left 1 down down 0.199647 0.082931 1.082848 1.197957 1.247917
1 9 1 23 inner right 1 down down 0.165101 0.082936 1.113713 1.228794 1.278801
1 9 1 24 none left 1 down right 0.182973 0.082931 1.116100 1.231216 1.281237
1 9 1 25 none left 1 up up 0.199607 0.082936 1.082818 1.197920 1.247914
1 9 1 26 outer left 1 right down 0.199599 0.082945 1.082797 1.197900 1.247900
1 9 1 27 both right 1 left up 0.165158 0.082954 1.132844 1.247972 1.297971
1 9 1 28 none right 1 left left 0.165097 0.082945 1.032841 1.147906 1.197907
1 9 1 29 inner left NaN NaN right NaN 0.082936 NaN 0.000000 0.000000
1 9 1 30 outer left NaN NaN right NaN 0.082936 0.812688 0.911246 0.961189
1 9 1 31 both left 1 down down 0.182945 0.082936 1.063075 1.178194 1.228187
1 9 1 32 outer left 1 left up 0.182859 0.082941 1.082826 1.197921 1.247910
1 9 1 33 inner right 1 down down 0.165074 0.082936 0.961916 1.076994 1.126980
1 9 1 34 outer right 0 right right 0.182944 0.082931 1.066142 1.181238 1.231221
1 9 1 35 both left 1 left up 0.232951 0.082936 0.799500 0.914624 0.964619
1 9 1 36 both right 1 up down 0.182964 0.082940 1.032864 1.147950 1.197974
1 9 1 37 both left 1 right right 0.032861 0.082944 1.132828 1.247915 1.297843
1 9 1 38 both right 0 right right 0.165124 0.082940 1.249472 1.364569 1.414572
1 9 1 39 none right 1 down down 0.216266 0.082936 0.799430 0.914545 0.964538
1 9 1 40 outer right NaN NaN down NaN 0.082940 1.216130 1.331233 1.381237
1 10 2 1 outer left 1 left left NaN 0.082940 1.232821 1.331260 1.381252
1 10 2 2 none right 1 down down NaN 0.082940 0.866166 0.981192 1.031261
1 10 2 3 outer left 1 down down NaN 0.082940 0.795252 0.910347 0.960344
1 10 2 4 both right 1 down down NaN 0.082940 1.116189 1.231293 1.281230
1 10 2 5 none right 1 up up NaN 0.082940 1.232864 1.347958 1.397977
1 10 2 6 none left 1 up up NaN 0.082940 1.250204 1.365299 1.415332
1 10 2 7 none right 1 right right NaN 0.082940 0.782816 0.897923 0.947908
1 10 2 8 none left 1 left left NaN 0.082940 1.049502 1.164576 1.214571
1 10 2 9 both left 1 right right NaN 0.082940 1.249476 1.364556 1.414566
1 10 2 10 inner left 1 down down NaN 0.082940 1.116142 1.231166 1.281247
1 10 2 11 both left 1 right right NaN 0.082940 0.797262 0.912424 0.962417
1 10 2 12 both right NaN NaN right NaN 0.082940 NaN 0.000000 0.000000
1 10 2 13 both left 1 up up NaN 0.082940 1.166222 1.281359 1.331432
1 10 2 14 inner left NaN NaN down NaN 0.082940 NaN 0.000000 0.000000
1 10 2 15 none left 1 up up NaN 0.082940 1.249481 1.364556 1.414552
1 10 2 16 inner right 1 up up NaN 0.082940 0.932751 1.031123 1.081139
1 10 2 17 both right 0 up right NaN 0.082940 1.148150 1.263162 1.313164
1 10 2 18 both left 0 up right NaN 0.082940 1.216263 1.331331 1.381346
1 10 2 19 none right 0 left left NaN 0.082940 0.878060 0.993055 1.043051
1 10 2 20 both left 1 right down NaN 0.082940 0.782780 0.897883 0.947885
1 10 2 21 inner left 1 up up NaN 0.082940 0.928729 1.043812 1.093902
1 10 2 22 inner left 1 up up NaN 0.082940 1.232782 1.347860 1.397867
1 10 2 23 outer left 1 down down NaN 0.082940 0.766070 0.881164 0.931233
1 10 2 24 none left 1 left left NaN 0.082940 0.849380 0.947921 0.997821
1 10 2 25 outer right 1 up up NaN 0.082940 0.961555 1.076533 1.126559
1 10 2 26 inner right 1 left left NaN 0.082940 0.782927 0.897986 0.947998
1 10 2 27 inner left 0 left left NaN 0.082940 1.082733 1.197849 1.247916
1 10 2 28 none left 1 right right NaN 0.082940 0.995390 1.093826 1.143835
1 10 2 29 both left 1 up up NaN 0.082940 0.912771 1.027929 1.077931
1 10 2 30 outer left 1 down down NaN 0.082940 1.180897 1.295800 1.345799
1 10 2 31 outer left 1 up up NaN 0.082940 0.866777 0.981832 1.031766
1 10 2 32 outer left 1 down down NaN 0.082940 0.783759 0.898756 0.948832
1 10 2 33 inner left 1 up up NaN 0.082940 0.849546 0.964552 1.014560
1 10 2 34 outer right 1 down down NaN 0.082940 1.182904 1.281386 1.331297
1 10 2 35 outer left 1 left left NaN 0.082940 0.766149 0.864589 0.914585
1 10 2 36 both right 1 down down NaN 0.082940 1.216140 1.314571 1.364561
1 10 2 37 inner right 1 right right NaN 0.082940 0.883067 0.997975 1.047997
1 10 2 38 none right 1 up up NaN 0.082940 0.916242 1.031308 1.081217
1 10 2 39 outer right 1 down down NaN 0.082940 0.832853 0.931280 0.981282
1 10 2 40 inner left 1 up up NaN 0.082940 0.883008 0.997992 1.048151
1 11 1 1 none left 1 left left 0.182867 0.082940 0.966289 1.081378 1.131300
1 11 1 2 inner left NaN NaN right NaN 0.082867 1.195878 1.294359 1.344299
1 11 1 3 none left 1 right down 0.182933 0.082867 0.899494 1.014594 1.064577
1 11 1 4 both right 1 up up 0.182920 0.082900 0.899545 0.997983 1.047968
1 11 1 5 none right 1 up up 0.049604 0.082920 0.982847 1.081205 1.131216
1 11 1 6 inner right NaN NaN right NaN 0.082894 1.262071 1.360496 1.410504
1 11 1 7 outer left 1 right down 0.199594 0.082894 1.182744 1.281165 1.331167
1 11 1 8 both left 1 right right 0.182916 0.082920 0.966239 1.081214 1.131200
1 11 1 9 outer right 1 down down 0.199558 0.082918 1.216256 1.331284 1.381299
1 11 1 10 inner left NaN NaN left NaN 0.082920 1.049451 1.164612 1.214528
1 11 1 11 none left 1 down down 0.232908 0.082920 0.815666 0.914094 0.964087
1 11 1 12 outer right 1 up up 0.182991 0.082927 1.099520 1.197925 1.248005
1 11 1 13 both left 1 right right 0.066283 0.082933 1.199846 1.315001 1.365047
1 11 1 14 none right 1 down down 0.249547 0.082927 0.849645 0.964686 1.014664
1 11 1 15 outer right 1 down down 0.216275 0.082933 0.849406 0.964490 1.014477
1 11 1 16 outer right NaN NaN down NaN 0.082962 1.016123 1.131186 1.181221
1 11 1 17 both left NaN NaN left NaN 0.082962 1.066209 1.181274 1.231366
1 11 1 18 outer left 1 left left 0.432851 0.082962 0.982789 1.097802 1.147789
1 11 1 19 both left 1 left left 0.199754 0.082991 0.816054 0.931175 0.981160
1 11 1 20 none right NaN NaN left NaN 0.091274 1.248918 1.363860 1.413927
1 11 1 21 inner right 1 up up 0.216480 0.091274 0.816240 0.931356 0.981304
1 11 1 22 inner right 1 up right 0.165050 0.099558 0.899481 1.014543 1.064500
1 11 1 23 inner right 1 left down 0.165031 0.091274 0.999604 1.114666 1.164615
1 11 1 24 none right 1 down up 0.140316 0.082991 1.099449 1.214600 1.264537
1 11 1 25 outer left 1 right left 0.182926 0.082962 0.999486 1.114553 1.164584
1 11 1 26 both right 1 left left 0.114995 0.082933 1.016355 1.131334 1.181287
1 11 1 27 outer left 1 up up 0.183030 0.082929 0.982857 1.081302 1.131294
1 11 1 28 inner right 1 down down 0.166311 0.082933 0.982887 1.081311 1.131370
1 11 1 29 outer left 1 left left 0.183020 0.082929 1.149467 1.248011 1.297999
1 11 1 30 inner right 1 up up 0.216126 0.082933 0.883797 0.998741 1.048808
1 11 1 31 none left 1 left left 0.216321 0.082962 0.849537 0.947969 0.997959
1 11 1 32 inner left 1 left up 0.165147 0.082991 1.016297 1.131368 1.181409
1 11 1 33 both right 1 up right 0.165127 0.082962 1.080920 1.195976 1.246020
1 11 1 34 none right 1 left left 0.116382 0.082933 1.116158 1.231208 1.281207
1 11 1 35 inner right 1 right right 0.082941 0.082929 1.016156 1.131315 1.181258
1 11 1 36 both left 1 down right 0.183022 0.082926 0.916050 1.014593 1.064580
1 11 1 37 both right 1 left down 0.182949 0.082929 0.866230 0.981364 1.031299
1 11 1 38 both left 1 left left 0.183076 0.082933 1.032653 1.131107 1.181117
1 11 1 39 outer right NaN NaN right NaN 0.082941 1.212469 1.327508 1.377522
1 11 1 40 none right 1 right right 0.066347 0.082941 1.132832 1.247936 1.297946
1 12 2 1 outer right 1 right right NaN 0.082933 1.032909 1.147811 1.197803
1 12 2 2 inner right 0 left left NaN 0.082933 0.782863 0.881193 0.931206
1 12 2 3 both right 1 up up NaN 0.082933 1.149573 1.247996 1.297994
1 12 2 4 both left 1 right right NaN 0.082933 1.149454 1.264549 1.314610
1 12 2 5 outer right 0 up up NaN 0.082933 0.799658 0.898141 0.948219
1 12 2 6 outer left 0 right down NaN 0.082933 1.249592 1.364601 1.414707
1 12 2 7 none right 0 right right NaN 0.082933 0.982693 1.081258 1.131212
1 12 2 8 none left 1 left left NaN 0.082933 0.832786 0.947807 0.997820
1 12 2 9 outer left 1 down down NaN 0.082933 1.149542 1.264696 1.314618
1 12 2 10 both right 1 down left NaN 0.082933 1.182849 1.297917 1.347910
1 12 2 11 none left 1 right right NaN 0.082933 1.249845 1.365007 1.414947
1 12 2 12 outer left 0 right right NaN 0.082933 1.166267 1.281311 1.331270
1 12 2 13 both right 1 up left NaN 0.082933 1.199327 1.297785 1.347859
1 12 2 14 inner left 1 down down NaN 0.082933 1.182849 1.297952 1.348012
1 12 2 15 none left 1 down down NaN 0.082933 1.233044 1.347981 1.397973
1 12 2 16 none right NaN NaN left NaN 0.082933 1.132895 1.247908 1.297899
1 12 2 17 inner left 0 right right NaN 0.082933 0.816188 0.914614 0.964608
1 12 2 18 both right 0 right right NaN 0.082933 0.999087 1.114150 1.164152
1 12 2 19 outer right 1 down down NaN 0.082933 1.248396 1.363409 1.413431
1 12 2 20 none right 1 down down NaN 0.082933 0.816283 0.931297 0.981284
1 12 2 21 outer right 1 right right NaN 0.082933 0.799654 0.914716 0.964716
1 12 2 22 outer right 1 left left NaN 0.082933 1.016298 1.131286 1.181296
1 12 2 23 both left 1 up up NaN 0.082933 1.200355 1.315388 1.365383
1 12 2 24 inner left 1 down left NaN 0.082933 0.799461 0.897789 0.947798
1 12 2 25 none right 1 up up NaN 0.082933 0.783172 0.881670 0.931606
1 12 2 26 both right 1 up left NaN 0.082933 1.016086 1.131165 1.181167
1 12 2 27 inner left 1 up up NaN 0.082933 0.932927 1.048046 1.097953
1 12 2 28 both left 1 up down NaN 0.082933 0.866262 0.981379 1.031289
1 12 2 29 none left 1 up up NaN 0.082933 0.899495 1.014522 1.064521
1 12 2 30 inner left 0 up up NaN 0.082933 0.916144 1.031225 1.081271
1 12 2 31 outer right 0 right right NaN 0.082933 1.199473 1.314499 1.364553
1 12 2 32 inner left 1 up up NaN 0.082933 0.916041 1.031120 1.081216
1 12 2 33 both right 1 left left NaN 0.082933 0.929651 1.044715 1.094718
1 12 2 34 none left 1 up up NaN 0.082933 0.799461 0.914638 0.964576
1 12 2 35 outer right 1 left left NaN 0.082933 0.866255 0.964730 1.014648
1 12 2 36 inner left 1 down left NaN 0.082933 0.999382 1.114457 1.164448
1 12 2 37 inner right 1 left left NaN 0.082933 0.899513 1.014618 1.064619
1 12 2 38 none left 1 left left NaN 0.082933 1.199474 1.314576 1.364562
1 12 2 39 both left 1 left left NaN 0.082933 0.983615 1.098789 1.148720
1 12 2 40 inner right 1 down down NaN 0.082933 1.149460 1.264630 1.314538
1 13 1 1 inner left 1 right down 0.182965 0.082933 1.066198 1.164595 1.214592
1 13 1 2 inner right 1 right right 0.199610 0.082965 1.132935 1.247950 1.298016
1 13 1 3 none right 1 down down 0.164980 0.091288 1.182995 1.297942 1.347947
1 13 1 4 both right 0 down down 0.199480 0.082965 0.782870 0.898037 0.947946
1 13 1 5 both left 1 down down 0.183018 0.091223 1.197945 1.313044 1.363028
1 13 1 6 none left 1 left left 0.182980 0.083018 1.164124 1.279215 1.329184
1 13 1 7 none right NaN NaN left NaN 0.082999 1.149567 1.264689 1.314633
1 13 1 8 none right 1 right right 0.182948 0.082999 0.916174 1.031342 1.081279
1 13 1 9 outer left 1 up up 0.016213 0.082980 1.099634 1.214684 1.264614
1 13 1 10 none right NaN NaN left NaN 0.082972 1.245898 1.360984 1.410983
1 13 1 11 outer left 1 up down 0.216184 0.082972 0.782814 0.897827 0.947841
1 13 1 12 inner right 1 down down 0.182942 0.082980 1.231754 1.346836 1.396848
1 13 1 13 both left 0 left left 0.199635 0.082972 1.182900 1.297920 1.347980
1 13 1 14 none right 1 left left 0.182955 0.082980 1.247919 1.362989 1.412916
1 13 1 15 inner left 1 right left 0.199600 0.082972 1.049550 1.148017 1.198103
1 13 1 16 none left 1 up up 0.199734 0.082980 1.016066 1.131152 1.181195
1 13 1 17 none left 1 down down 0.182936 0.082999 0.982708 1.097880 1.147821
1 13 1 18 outer left 1 up up 0.182963 0.082980 1.049493 1.164587 1.214579
1 13 1 19 inner left 1 up up 0.115068 0.082972 1.149579 1.264633 1.314698
1 13 1 20 outer left 0 left right 0.165092 0.082965 0.866119 0.981171 1.031184
1 13 1 21 both right 1 left down 0.140257 0.082964 0.866181 0.981277 1.031207
1 13 1 22 both right NaN NaN down NaN 0.082963 0.866080 0.981260 1.031152
1 13 1 23 none left 1 right right 0.199578 0.082963 0.947997 1.063181 1.113152
1 13 1 24 both left 0 left left 0.199618 0.082964 0.999418 1.114518 1.164509
1 13 1 25 outer right 1 up up 0.032839 0.082965 1.049295 1.164373 1.214278
1 13 1 26 outer right 0 down down 0.182972 0.082964 0.899426 1.014538 1.064540
1 13 1 27 outer left 1 left right 0.165030 0.082965 1.216323 1.331316 1.381321
1 13 1 28 inner right 1 down down 0.282985 0.082964 0.800509 0.898935 0.948894
1 13 1 29 both right NaN NaN up NaN 0.082965 0.882898 0.997942 1.048000
1 13 1 30 outer left 1 down down 0.135051 0.082965 1.249621 1.364622 1.414616
1 13 1 31 inner right 1 up left 0.216246 0.082964 1.249432 1.364470 1.414556
1 13 1 32 none left 1 left left 0.182816 0.082965 1.116839 1.231892 1.281811
1 13 1 33 outer left 1 up right 0.199594 0.082964 1.145691 1.244124 1.294117
1 13 1 34 inner left 1 right down 0.182991 0.082965 1.066269 1.181296 1.231365
1 13 1 35 inner left NaN NaN up NaN 0.082968 1.032896 1.147995 1.198042
1 13 1 36 both right 1 up up 0.032959 0.082968 1.199589 1.314638 1.364614
1 13 1 37 both left 1 left right 0.119456 0.082965 1.249482 1.347929 1.397946
1 13 1 38 outer left 1 left down 0.182947 0.082964 1.082801 1.181231 1.231260
1 13 1 39 both right 1 left down 0.135422 0.082963 1.099331 1.214512 1.264426
1 13 1 40 inner right 1 up right 0.165225 0.082959 0.982826 1.098067 1.148030
1 14 2 1 none right 1 down down NaN 0.082955 1.163399 1.278498 1.328494
1 14 2 2 inner left 1 left left NaN 0.082955 0.833197 0.948237 0.998233
1 14 2 3 both left 0 up up NaN 0.082955 1.096861 1.211869 1.261860
1 14 2 4 outer left 1 left left NaN 0.082955 0.916224 1.031380 1.081320
1 14 2 5 none left 1 right right NaN 0.082955 0.866016 0.981168 1.031093
1 14 2 6 both right 1 up up NaN 0.082955 0.782803 0.897874 0.947825
1 14 2 7 outer right 1 left left NaN 0.082955 1.149532 1.247984 1.297937
1 14 2 8 both right 1 right right NaN 0.082955 1.148711 1.247172 1.297116
1 14 2 9 outer right 0 down down NaN 0.082955 1.216754 1.331708 1.381829
1 14 2 10 outer left 1 left left NaN 0.082955 1.249567 1.364621 1.414606
1 14 2 11 both right 1 down down NaN 0.082955 0.866104 0.981212 1.031191
1 14 2 12 none left 1 up up NaN 0.082955 0.866074 0.964594 1.014584
1 14 2 13 inner left 0 down down NaN 0.082955 0.832830 0.948004 0.997938
1 14 2 14 both left 0 down down NaN 0.082955 0.866076 0.981226 1.031139
1 14 2 15 outer right 1 down down NaN 0.082955 1.016067 1.131176 1.181172
1 14 2 16 inner right 1 up up NaN 0.082955 1.149429 1.264465 1.314472
1 14 2 17 both left 1 up up NaN 0.082955 1.083312 1.198403 1.248396
1 14 2 18 inner right 1 left down NaN 0.082955 0.832729 0.947845 0.997891
1 14 2 19 outer right 1 up up NaN 0.082955 0.882753 0.981157 1.031159
1 14 2 20 inner right 0 left left NaN 0.082955 1.166232 1.281300 1.331270
1 14 2 21 outer right 0 up up NaN 0.082955 1.145005 1.260111 1.310000
1 14 2 22 none left 1 up up NaN 0.082955 0.899475 1.014514 1.064566
1 14 2 23 inner right 1 right right NaN 0.082955 0.899626 1.014633 1.064641
1 14 2 24 none right 1 left left NaN 0.082955 0.932954 1.047990 1.097990
1 14 2 25 both right 1 left right NaN 0.082955 1.249564 1.364686 1.414655
1 14 2 26 outer left 1 left left NaN 0.082955 0.816034 0.914473 0.964474
1 14 2 27 both right 0 right down NaN 0.082955 0.982888 1.097984 1.147953
1 14 2 28 none left 1 down down NaN 0.082955 0.945056 1.060140 1.110213
1 14 2 29 none left 1 up up NaN 0.082955 0.766021 0.881095 0.931098
1 14 2 30 inner left 1 up up NaN 0.082955 0.996342 1.111426 1.161358
1 14 2 31 both left 1 right right NaN 0.082955 1.099546 1.214573 1.264553
1 14 2 32 inner right 1 right right NaN 0.082955 1.082848 1.197945 1.247950
1 14 2 33 inner right 1 down down NaN 0.082955 0.962869 1.078007 1.127916
1 14 2 34 outer left 0 left left NaN 0.082955 0.866096 0.981221 1.031185
1 14 2 35 outer left 1 up up NaN 0.082955 0.849566 0.947955 0.997962
1 14 2 36 inner right 1 down down NaN 0.082955 0.949560 1.064635 1.114636
1 14 2 37 none left 1 down down NaN 0.082955 1.032819 1.147979 1.197907
1 14 2 38 none right 1 up up NaN 0.082955 0.949577 1.047966 1.097960
1 14 2 39 both left 0 up right NaN 0.082955 1.032825 1.147885 1.197869
1 14 2 40 none right 1 up up NaN 0.082955 0.999450 1.114605 1.164519
1 15 1 1 outer right 1 left left 0.232787 0.082955 0.849454 0.964525 1.014509
1 15 1 2 inner left 1 down down 0.099854 0.132787 1.199871 1.348391 1.398346
1 15 1 3 outer right 0 down down 0.182895 0.066320 1.062963 1.161425 1.211343
1 15 1 4 both right 1 right right 0.049644 0.082895 1.133030 1.247984 1.297984
1 15 1 5 both right NaN NaN right NaN 0.041374 1.183059 1.248035 1.298048
1 15 1 6 both left 1 up right 0.166391 0.041374 1.132748 1.197909 1.247842
1 15 1 7 inner left 1 right right 0.182911 0.066391 0.966275 1.064652 1.114709
1 15 1 8 inner right 1 up up 0.148547 0.074643 0.899471 0.998003 1.048004
1 15 1 9 none right 1 up up 0.216217 0.066391 0.782999 0.881419 0.931413
1 15 1 10 both left NaN NaN left NaN 0.074643 1.249550 1.348024 1.397942
1 15 1 11 outer left 1 left left 0.182798 0.074643 1.149558 1.247836 1.297842
1 15 1 12 outer left 1 up right 0.182903 0.082798 0.982865 1.081286 1.131290
1 15 1 13 outer right 0 left left 0.166275 0.082846 1.182751 1.281184 1.331227
1 15 1 14 inner right 1 left left 0.216272 0.082798 0.950353 1.048790 1.098737
1 15 1 15 inner left 1 down down 0.165079 0.082846 0.882752 0.997810 1.047797
1 15 1 16 none right NaN NaN up NaN 0.082798 1.199450 1.297827 1.347873
1 15 1 17 none right NaN NaN up NaN 0.082798 NaN 0.000000 0.000000
1 15 1 18 both right 0 right right 0.299607 0.082798 0.832897 0.931237 0.981225
1 15 1 19 both left 1 left up 0.199635 0.082846 1.099533 1.197993 1.247998
1 15 1 20 inner right 1 up up 0.165030 0.082895 1.215118 1.330050 1.380114
1 15 1 21 both right 1 left up 0.199686 0.082846 0.900186 0.998697 1.048622
1 15 1 22 none right 1 up right 0.182897 0.082895 1.116268 1.231317 1.281341
1 15 1 23 inner right 1 left left 0.066242 0.082896 1.014837 1.113241 1.163247
1 15 1 24 none right 1 left left 0.166221 0.082895 0.980868 1.079309 1.129251
1 15 1 25 both left NaN NaN up NaN 0.082846 0.949458 1.047868 1.097864
1 15 1 26 none right 1 right right 0.115040 0.082846 1.232993 1.348027 1.398025
1 15 1 27 both right 1 up up 0.106209 0.082798 1.082921 1.181356 1.231299
1 15 1 28 outer right 1 down down 0.182884 0.074594 0.816820 0.915190 0.965291
1 15 1 29 inner left 1 left left 0.098564 0.082798 1.228666 1.327209 1.377199
1 15 1 30 none left 1 down down 0.232964 0.074594 0.766254 0.864731 0.914652
1 15 1 31 inner left NaN NaN right NaN 0.082798 NaN 0.000000 0.000000
1 15 1 32 outer left NaN NaN right NaN 0.082798 1.249986 1.348506 1.398491
1 15 1 33 both right 1 left left 0.098392 0.082798 1.082918 1.181293 1.231296
1 15 1 34 inner right NaN NaN right NaN 0.074594 1.149636 1.247964 1.298041
1 15 1 35 none right 1 up right 0.182846 0.074594 0.982822 1.081219 1.131212
1 15 1 36 none left 1 down down 0.166196 0.082798 1.065701 1.164133 1.214059
1 15 1 37 outer left 1 right down 0.183046 0.074594 1.066169 1.164701 1.214694
1 15 1 38 outer left 1 right right 0.182997 0.082798 1.129276 1.227761 1.277780
1 15 1 39 none right 1 down down 0.166174 0.082822 1.066290 1.164719 1.214657
1 15 1 40 outer right 1 down up 0.129962 0.082798 1.083371 1.181754 1.231727
1 16 2 1 inner left 1 up up NaN 0.074594 1.132751 1.231198 1.281287
1 16 2 2 outer right 0 left left NaN 0.074594 1.196943 1.295428 1.345443
1 16 2 3 inner left 1 up up NaN 0.074594 1.132922 1.231318 1.281298
1 16 2 4 inner left 1 down down NaN 0.074594 0.866055 0.964487 1.014497
1 16 2 5 outer right 1 left up NaN 0.074594 0.949376 1.047905 1.097916
1 16 2 6 inner left 1 left left NaN 0.074594 0.949604 1.047999 1.097938
1 16 2 7 both right 1 down down NaN 0.074594 1.116284 1.214634 1.264646
1 16 2 8 outer left 1 left left NaN 0.074594 1.099417 1.197907 1.247916
1 16 2 9 both right 1 down down NaN 0.074594 0.832866 0.931267 0.981195
1 16 2 10 inner left 1 up up NaN 0.074594 1.081499 1.180024 1.229997
1 16 2 11 inner right 1 left left NaN 0.074594 0.782321 0.880728 0.930733
1 16 2 12 none right 1 down down NaN 0.074594 0.999589 1.098055 1.148026
1 16 2 13 both left 1 right down NaN 0.074594 0.966201 1.064661 1.114614
1 16 2 14 outer left 1 right right NaN 0.074594 0.812261 0.910723 0.960713
1 16 2 15 none left 1 left left NaN 0.074594 0.782788 0.881229 0.931208
1 16 2 16 none left 1 up up NaN 0.074594 0.932855 1.031287 1.081346
1 16 2 17 both left 1 down down NaN 0.074594 0.947821 1.046214 1.096222
1 16 2 18 both left 1 down down NaN 0.074594 0.832190 0.930695 0.980670
1 16 2 19 outer right 1 left left NaN 0.074594 0.879695 0.978169 1.028159
1 16 2 20 outer right 0 down down NaN 0.074594 1.116165 1.214681 1.264622
1 16 2 21 none left 1 down down NaN 0.074594 0.816210 0.914696 0.964629
1 16 2 22 outer left 1 right right NaN 0.074594 1.016292 1.114774 1.164714
1 16 2 23 both right 1 down up NaN 0.074594 1.166740 1.265078 1.315147
1 16 2 24 inner right 1 right right NaN 0.074594 1.099470 1.197921 1.247918
1 16 2 25 inner right 1 up up NaN 0.074594 1.049364 1.147835 1.197836
1 16 2 26 none left 1 up up NaN 0.074594 1.066265 1.164709 1.214703
1 16 2 27 outer right 1 up up NaN 0.074594 0.866245 0.964589 1.014611
1 16 2 28 none right 0 right right NaN 0.074594 0.930607 1.029087 1.079091
1 16 2 29 inner right 1 down down NaN 0.074594 1.049548 1.147979 1.197933
1 16 2 30 both left 1 down down NaN 0.074594 0.882799 0.981235 1.031206
1 16 2 31 inner left 0 up up NaN 0.074594 1.099468 1.197848 1.247919
1 16 2 32 both right 1 down up NaN 0.074594 0.982809 1.081237 1.131233
1 16 2 33 both left 1 up left NaN 0.074594 1.049591 1.147947 1.198027
1 16 2 34 both left 1 up up NaN 0.074594 0.766234 0.864604 0.914614
1 16 2 35 none right 1 right right NaN 0.074594 0.932812 1.031154 1.081162
1 16 2 36 outer left 0 left left NaN 0.074594 0.933048 1.031456 1.081454
1 16 2 37 none left 0 left left NaN 0.074594 1.028790 1.127295 1.177275
1 16 2 38 outer left 0 up up NaN 0.074594 1.230302 1.328708 1.378651
1 16 2 39 none right 1 right right NaN 0.074594 1.066270 1.164710 1.214753
1 16 2 40 none left 0 right right NaN 0.074594 1.132854 1.231353 1.281294
1 17 1 1 both left 1 up right 0.266261 0.074594 0.799488 0.897896 0.947894
1 17 1 2 inner left NaN NaN right NaN 0.166261 1.132935 1.331385 1.381293
1 17 1 3 none left 1 right down 0.032942 0.166261 1.199532 1.397958 1.447954
1 17 1 4 inner right 1 left left 0.182957 0.049602 0.933712 1.015411 1.065411
1 17 1 5 outer left 1 right up 0.199665 0.082957 0.783052 0.898243 0.948152
1 17 1 6 both right 1 left left 0.016225 0.091311 1.066274 1.181277 1.231362
1 17 1 7 none left 1 up up 0.182976 0.082957 0.932813 1.047993 1.097983
1 17 1 8 outer left 0 left left 0.165075 0.082966 0.912137 1.027177 1.077178
1 17 1 9 outer left 1 left right 0.182846 0.082957 0.798349 0.913425 0.963357
1 17 1 10 outer left NaN NaN down NaN 0.082901 1.099430 1.197944 1.247815
1 17 1 11 inner right NaN NaN left NaN 0.082901 1.166247 1.264692 1.314618
1 17 1 12 none right 1 right right 0.182918 0.082901 1.166210 1.281272 1.331274
1 17 1 13 both right 1 right right 0.032942 0.082918 1.099522 1.214690 1.264692
1 17 1 14 inner right 1 right right 0.141355 0.082882 1.066270 1.181345 1.231279
1 17 1 15 inner right 0 right right 0.182998 0.082846 0.982862 1.081360 1.131353
1 17 1 16 none right 0 up up 0.165139 0.082882 1.049602 1.164650 1.214709
1 17 1 17 outer right 0 left right 0.165117 0.082846 0.849485 0.964504 1.014576
1 17 1 18 inner left 1 left left 0.166258 0.073993 0.816216 0.914551 0.964560
1 17 1 19 both left 1 left left 0.081821 0.066258 1.016084 1.097883 1.147807
1 17 1 20 both left 1 down right 0.166193 0.065698 0.882840 0.964536 1.014538
1 17 1 21 both right NaN NaN down NaN 0.066193 1.182929 1.264620 1.314693
1 17 1 22 none right NaN NaN down NaN 0.066193 1.232930 1.314723 1.364725
1 17 1 23 outer left 1 right right 0.216186 0.066193 0.866300 0.964659 1.014646
1 17 1 24 both left NaN NaN up NaN 0.066225 1.249614 1.331419 1.381374
1 17 1 25 both right NaN NaN up NaN 0.066225 0.766169 0.847960 0.897943
1 17 1 26 both right NaN NaN left NaN 0.066225 0.816203 0.897956 0.947984
1 17 1 27 both right NaN NaN left NaN 0.066225 1.182731 1.264540 1.314589
1 17 1 28 outer right NaN NaN right NaN 0.066225 0.964295 1.062677 1.112712
1 17 1 29 outer left 1 left up 0.182836 0.066225 1.049422 1.131173 1.181118
1 17 1 30 inner right 0 left left 0.166254 0.066258 1.061980 1.160374 1.210404
1 17 1 31 none right 1 left left 0.199621 0.066256 1.132932 1.231320 1.281362
1 17 1 32 inner right NaN NaN left NaN 0.066258 1.082906 1.164749 1.214735
1 17 1 33 none right NaN NaN down NaN 0.066258 1.215866 1.314304 1.364275
1 17 1 34 none left 1 left left 0.249653 0.066258 0.816061 0.897930 0.947866
1 17 1 35 outer right NaN NaN down NaN 0.074547 0.799381 0.897891 0.947893
1 17 1 36 inner right NaN NaN up NaN 0.074547 1.116048 1.214557 1.264558
1 17 1 37 none right 1 right right 0.232876 0.074547 1.199530 1.297872 1.347873
1 17 1 38 outer left 1 right left 0.216324 0.082836 0.766222 0.864626 0.914671
1 17 1 39 none right 1 right left 0.182877 0.082841 0.848651 0.947036 0.997129
1 17 1 40 inner right 1 down down 0.066326 0.082846 1.115815 1.214295 1.264239
1 18 2 1 both right 1 down down NaN 0.082841 0.866187 0.964610 1.014602
1 18 2 2 both left 0 up up NaN 0.082841 1.182784 1.281188 1.331264
1 18 2 3 none right 1 left left NaN 0.082841 1.114364 1.229488 1.279461
1 18 2 4 none left 1 up up NaN 0.082841 1.082868 1.181303 1.231355
1 18 2 5 none right 1 right right NaN 0.082841 0.832842 0.947904 0.997824
1 18 2 6 inner right 1 down down NaN 0.082841 1.049416 1.147827 1.197821
1 18 2 7 outer right NaN NaN down NaN 0.082841 1.148757 1.247189 1.297134
1 18 2 8 inner left 1 down left NaN 0.082841 1.000240 1.098753 1.148756
1 18 2 9 none right 1 left left NaN 0.082841 1.232788 1.331218 1.381206
1 18 2 10 inner left 1 left left NaN 0.082841 0.982848 1.081372 1.131285
1 18 2 11 none right 1 right right NaN 0.082841 1.067106 1.165573 1.215511
1 18 2 12 none right 0 right right NaN 0.082841 0.782855 0.881310 0.931421
1 18 2 13 outer left 1 left left NaN 0.082841 1.032848 1.131331 1.181342
1 18 2 14 both left 1 up up NaN 0.082841 1.132832 1.231279 1.281152
1 18 2 15 outer left NaN NaN right NaN 0.082841 0.782793 0.881269 0.931274
1 18 2 16 outer right 1 down down NaN 0.082841 0.816147 0.914623 0.964696
1 18 2 17 inner right 0 left left NaN 0.082841 0.799516 0.898032 0.947955
1 18 2 18 outer left 0 right right NaN 0.082841 1.232795 1.331220 1.381225
1 18 2 19 outer right 1 up up NaN 0.082841 0.995822 1.094232 1.144247
1 18 2 20 inner right 1 left left NaN 0.082841 1.182798 1.281158 1.331253
1 18 2 21 none right 0 right right NaN 0.082841 0.899631 1.014654 1.064614
1 18 2 22 both right 1 up left NaN 0.082841 0.899491 0.997924 1.047989
1 18 2 23 none right 1 down down NaN 0.082841 0.882781 0.981227 1.031225
1 18 2 24 none left 1 left left NaN 0.082841 0.846830 0.945257 0.995318
1 18 2 25 both right 1 up up NaN 0.082841 0.914901 1.013440 1.063433
1 18 2 26 inner right 0 down down NaN 0.082841 1.016131 1.114573 1.164619
1 18 2 27 inner right 1 left left NaN 0.082841 0.982877 1.081296 1.131293
1 18 2 28 both right 1 down down NaN 0.082841 0.916088 1.014567 1.064584
1 18 2 29 inner left 1 left left NaN 0.082841 1.082913 1.197933 1.247929
1 18 2 30 outer left 1 left left NaN 0.082841 1.212132 1.310491 1.360501
1 18 2 31 outer right 1 up up NaN 0.082841 0.982741 1.081170 1.131242
1 18 2 32 both right 1 left left NaN 0.082841 1.082811 1.181260 1.231186
1 18 2 33 outer left 1 down down NaN 0.082841 1.082779 1.181321 1.231278
1 18 2 34 both left 0 down down NaN 0.082841 1.066267 1.164684 1.214619
1 18 2 35 outer right 1 down down NaN 0.082841 1.199537 1.314545 1.364549
1 18 2 36 inner left 1 right right NaN 0.082841 1.149430 1.247931 1.297918
1 18 2 37 both right 0 down down NaN 0.082841 1.199443 1.297881 1.347837
1 18 2 38 none left 1 right right NaN 0.082841 0.982680 1.081079 1.131076
1 18 2 39 both left 1 left left NaN 0.082841 0.982772 1.081224 1.131156
1 18 2 40 inner left 0 right right NaN 0.082841 1.145096 1.243493 1.293569
1 19 1 1 both right 1 up up 0.232858 0.082841 0.864354 0.979444 1.029369
1 19 1 2 inner left 1 down down 0.032871 0.132858 0.929499 1.094534 1.144531
1 19 1 3 none left NaN NaN right NaN 0.032865 1.099477 1.147906 1.197897
1 19 1 4 inner left 1 left right 0.216297 0.032865 0.799432 0.847819 0.897824
1 19 1 5 none left NaN NaN up NaN 0.116297 1.132431 1.280777 1.330716
1 19 1 6 both right 1 up up 0.099571 0.116297 0.964434 1.112793 1.162799
1 19 1 7 none left 1 down down 0.199524 0.057934 1.216272 1.298042 1.347955
1 19 1 8 both left 0 up up 0.165177 0.099524 1.132760 1.247875 1.297888
1 19 1 9 none left 1 right right 0.182856 0.082350 1.032212 1.130548 1.180616
1 19 1 10 both left 1 up up 0.216130 0.082856 0.782985 0.898028 0.947958
1 19 1 11 inner right 1 up up 0.049610 0.091190 0.932814 1.047872 1.097913
1 19 1 12 inner left NaN NaN down NaN 0.082856 1.249389 1.347808 1.397813
1 19 1 13 inner left 1 right right 0.183093 0.082856 1.230557 1.328986 1.379049
1 19 1 14 inner left 1 up up 0.199604 0.082975 1.182901 1.297986 1.347983
1 19 1 15 inner left 1 up up 0.216285 0.083093 0.999534 1.114598 1.164678
1 19 1 16 inner left 1 up up 0.199581 0.091309 1.099521 1.214630 1.264694
1 19 1 17 outer left 1 right right 0.199530 0.099524 0.832920 0.964656 1.014698
1 19 1 18 both right NaN NaN right NaN 0.099527 1.249454 1.364650 1.414541
1 19 1 19 outer left 1 right down 0.181734 0.099527 1.011698 1.143407 1.193392
1 19 1 20 outer left 1 up up 0.182926 0.099524 1.082991 1.198094 1.248094
1 19 1 21 outer right 1 down left 0.165103 0.091309 1.182947 1.297962 1.348034
1 19 1 22 none right 1 left left 0.115133 0.083093 1.032747 1.147854 1.197921
1 19 1 23 outer right NaN NaN up NaN 0.083009 1.249435 1.364581 1.414586
1 19 1 24 none left 1 down down 0.216320 0.083009 0.929255 1.044322 1.094334
1 19 1 25 none right 1 left left 0.216224 0.083093 0.766252 0.881354 0.931341
1 19 1 26 inner right 1 down down 0.165060 0.091309 0.832918 0.948028 0.997980
1 19 1 27 both right NaN NaN up NaN 0.083093 1.149396 1.264576 1.314580
1 19 1 28 outer right 1 left left 0.216219 0.083093 0.816235 0.931343 0.981328
1 19 1 29 outer right 1 up up 0.183008 0.091309 1.066202 1.181383 1.231359
1 19 1 30 both right NaN NaN right NaN 0.083093 1.199414 1.314542 1.364480
1 19 1 31 both left NaN NaN up NaN 0.083093 0.916038 1.031128 1.081189
1 19 1 32 outer left 1 right right 0.182939 0.083093 1.066231 1.181309 1.231276
1 19 1 33 none right NaN NaN down NaN 0.083051 0.982864 1.097851 1.147850
1 19 1 34 none right 1 down down 0.199575 0.083051 0.916238 1.031348 1.081312
1 19 1 35 outer left 1 up up 0.216266 0.083093 0.799516 0.914568 0.964607
1 19 1 36 outer right 1 down down 0.199586 0.091309 0.763591 0.878653 0.928680
1 19 1 37 both right 1 up up 0.182849 0.099524 0.945252 1.060271 1.110349
1 19 1 38 none left 1 right right 0.232929 0.091309 0.816299 0.931395 0.981356
1 19 1 39 both right 1 up up 0.082917 0.099524 0.880285 0.995431 1.045431
1 19 1 40 inner right NaN NaN left NaN 0.091309 0.982787 1.097951 1.147928
1 20 2 1 none right 0 down down NaN 0.091309 0.867089 0.982207 1.032214
1 20 2 2 both right 1 up up NaN 0.091309 0.899817 1.014907 1.064938
1 20 2 3 outer left 0 left left NaN 0.091309 1.016173 1.131272 1.181329
1 20 2 4 none right 1 down down NaN 0.091309 0.882935 0.998016 1.047963
1 20 2 5 none left 1 down down NaN 0.091309 1.066232 1.181359 1.231360
1 20 2 6 inner right 1 down down NaN 0.091309 0.964140 1.079148 1.129146
1 20 2 7 outer left 1 up up NaN 0.091309 1.099945 1.214987 1.265011
1 20 2 8 inner left 1 up left NaN 0.091309 1.199525 1.314629 1.364690
1 20 2 9 inner left 1 right right NaN 0.091309 1.217027 1.332171 1.382172
1 20 2 10 both left 1 left down NaN 0.091309 1.049499 1.164597 1.214603
1 20 2 11 both right 1 down down NaN 0.091309 0.799561 0.914618 0.964620
1 20 2 12 inner left 1 right left NaN 0.091309 1.149591 1.264691 1.314681
1 20 2 13 outer right 1 up up NaN 0.091309 0.965215 1.080257 1.130259
1 20 2 14 both right 1 right right NaN 0.091309 1.049629 1.164628 1.214627
1 20 2 15 outer left 1 right right NaN 0.091309 0.949504 1.064622 1.114618
1 20 2 16 both left 1 right right NaN 0.091309 0.799598 0.914685 0.964710
1 20 2 17 both left 1 up left NaN 0.091309 0.895230 1.010284 1.060294
1 20 2 18 outer right NaN NaN left NaN 0.091309 NaN 0.000000 0.000000
1 20 2 19 both right 1 left left NaN 0.091309 1.199518 1.314697 1.364632
1 20 2 20 outer left 0 up up NaN 0.091309 1.116342 1.231300 1.281308
1 20 2 21 none left 1 right right NaN 0.091309 0.798751 0.913832 0.963821
1 20 2 22 inner right 1 down down NaN 0.091309 0.949457 1.064457 1.114558
1 20 2 23 outer left 1 right right NaN 0.091309 0.831908 0.946938 0.997017
1 20 2 24 none left 1 down down NaN 0.091309 1.216050 1.331160 1.381156
1 20 2 25 none left 1 left left NaN 0.091309 1.166587 1.281619 1.331710
1 20 2 26 both right 1 down down NaN 0.091309 1.016736 1.131835 1.181832
1 20 2 27 none left 1 left left NaN 0.091309 1.132534 1.247536 1.297611
1 20 2 28 both right NaN NaN down NaN 0.091309 1.182971 1.298002 1.347976
1 20 2 29 inner right NaN NaN up NaN 0.091309 NaN 0.000000 0.000000
1 20 2 30 inner left 1 left left NaN 0.091309 0.966129 1.081181 1.131192
1 20 2 31 outer left 1 up up NaN 0.091309 1.199481 1.314607 1.364599
1 20 2 32 inner right 1 up up NaN 0.091309 0.966001 1.081089 1.131107
1 20 2 33 inner left 1 left left NaN 0.091309 1.215136 1.330299 1.380240
1 20 2 34 both left 1 left right NaN 0.091309 0.816143 0.931242 0.981179
1 20 2 35 outer right 1 left left NaN 0.091309 0.999423 1.114565 1.164590
1 20 2 36 inner left 1 down down NaN 0.091309 1.248024 1.363096 1.413114
1 20 2 37 none left 1 left left NaN 0.091309 0.983030 1.098015 1.148060
1 20 2 38 none left NaN NaN down NaN 0.091309 1.049951 1.165154 1.215128
1 20 2 39 none left 1 down down NaN 0.091309 0.766266 0.881380 0.931323
1 20 2 40 outer left 1 left left NaN 0.091309 0.832980 0.948036 0.997962
