person blockN blockType trial flankerSide targetSide respG respC targOri saccStart targDisplayLat dotRemoveTimeStamp targOnTimeStamp targOffTimeStamp
2 1 1 1 none left NaN NaN right NaN 0.100000 NaN 0.000000 0.000000
2 1 1 2 none right 1 down down 0.366407 0.100000 1.016355 1.148625 1.181949
2 1 1 3 inner left 1 up right 0.624931 0.266407 0.990747 1.281256 1.297876
2 1 1 4 inner right 1 right down 0.724883 0.395669 1.223002 1.646673 1.663345
2 1 1 5 outer left 1 right down 0.291205 0.524931 0.907745 1.464623 1.481338
2 1 1 6 inner right NaN NaN right NaN 0.395669 1.105021 1.528961 1.545626
2 1 1 7 outer right 1 down left 0.258577 0.395669 1.140414 1.564590 1.581288
2 1 1 8 none right 0 right down 0.341161 0.266407 0.774416 1.064644 1.081249
2 1 1 9 outer right 1 up down 0.208295 0.253784 1.257338 1.531259 1.547879
2 1 1 10 inner left NaN NaN up NaN 0.241161 0.819427 1.076848 1.093442
2 1 1 11 both left 0 left right 0.257346 0.241161 1.055463 1.312944 1.329620
2 1 1 12 outer left NaN NaN right NaN 0.216183 1.123614 1.364108 1.380777
2 1 1 13 inner left 1 right up 0.191474 0.216183 1.207486 1.448000 1.464682
2 1 1 14 none right NaN NaN down NaN 0.191205 1.073905 1.281381 1.297954
2 1 1 15 both left 1 right left 0.175176 0.191205 1.036028 1.243494 1.260163
2 1 1 16 inner left 0 up down 0.193064 0.174891 0.790743 0.981332 0.997994
2 1 1 17 none left 1 right right 0.241277 0.158577 0.957005 1.147239 1.163908
2 1 1 18 both left NaN NaN up NaN 0.157961 1.104139 1.277782 1.294445
2 1 1 19 both left 1 right left 0.224951 0.157961 1.224188 1.398017 1.414626
2 1 1 20 both left 1 right left 0.274850 0.157346 0.789667 0.963575 0.980160
2 1 1 21 both left 0 left up 0.181443 0.157961 0.823980 0.997777 1.014416
2 1 1 22 both right 1 up up 0.192418 0.157346 1.257908 1.431441 1.448171
2 1 1 23 outer left 0 right down 0.175067 0.149312 1.057387 1.231219 1.247805
2 1 1 24 outer right 1 up left 0.308281 0.141277 0.890815 1.047987 1.064635
2 1 1 25 inner left 0 down down 0.208082 0.149312 0.790876 0.964690 0.981345
2 1 1 26 outer right 1 up right 0.208255 0.141277 1.040723 1.197904 1.214554
2 1 1 27 outer left 1 down down 0.191553 0.133114 0.924024 1.081208 1.097888
2 1 1 28 both left NaN NaN left NaN 0.124951 NaN 0.000000 0.000000
2 1 1 29 none left 1 up up 0.208336 0.124951 1.257274 1.414519 1.431126
2 1 1 30 outer right 1 up up 0.241714 0.116644 0.923942 1.064627 1.081287
2 1 1 31 inner left 1 right up 0.224915 0.124951 0.807567 0.964695 0.981351
2 1 1 32 none left 1 up up 0.191566 0.124933 1.040785 1.181234 1.197904
2 1 1 33 inner right 1 down left 0.191676 0.124915 0.790625 0.931192 0.947943
2 1 1 34 none left NaN NaN left NaN 0.116626 1.257317 1.397932 1.414593
2 1 1 35 outer right 1 down left 0.208287 0.116626 1.157436 1.298027 1.314626
2 1 1 36 both right NaN NaN down NaN 0.108336 1.157114 1.281264 1.297923
2 1 1 37 both right 1 up right 0.258342 0.108336 0.873990 1.014595 1.031271
2 1 1 38 none left NaN NaN right NaN 0.116626 0.857418 0.997926 1.014614
2 1 1 39 inner left 1 right up 0.258403 0.116626 0.890971 1.031512 1.048254
2 1 1 40 none right 1 down up 0.224967 0.124915 0.855700 0.996353 1.012923
2 2 2 1 outer left 1 up up NaN 0.124933 1.016240 1.164534 1.181261
2 2 2 2 inner left 1 right down NaN 0.124933 0.865225 1.013601 1.030268
2 2 2 3 both left 1 right up NaN 0.124933 1.113611 1.262059 1.278659
2 2 2 4 none left 1 right right NaN 0.124933 0.781143 0.929508 0.946099
2 2 2 5 inner right 1 down up NaN 0.124933 1.248513 1.396818 1.413481
2 2 2 6 none right 1 left up NaN 0.124933 0.812806 0.961221 0.977812
2 2 2 7 inner left 1 right left NaN 0.124933 0.966285 1.114620 1.131307
2 2 2 8 outer right 1 up right NaN 0.124933 1.080247 1.228599 1.245313
2 2 2 9 outer right 1 down down NaN 0.124933 1.032851 1.181096 1.197763
2 2 2 10 both left 1 right left NaN 0.124933 0.907515 1.055900 1.072536
2 2 2 11 outer left 1 right up NaN 0.124933 1.099548 1.247875 1.264479
2 2 2 12 inner left 1 right down NaN 0.124933 1.066250 1.214619 1.231193
2 2 2 13 both left 1 right right NaN 0.124933 1.199554 1.347889 1.364614
2 2 2 14 outer right 1 right up NaN 0.124933 0.878997 1.027344 1.043948
2 2 2 15 none left 1 right right NaN 0.124933 1.066263 1.214561 1.231256
2 2 2 16 both left 1 right up NaN 0.124933 1.016271 1.164656 1.181294
2 2 2 17 none left 1 up down NaN 0.124933 0.932850 1.081263 1.097934
2 2 2 18 both right 1 up down NaN 0.124933 0.982870 1.131195 1.147856
2 2 2 19 both right 1 right down NaN 0.124933 1.095789 1.244159 1.260815
2 2 2 20 none right 1 right left NaN 0.124933 1.033420 1.181699 1.198314
2 2 2 21 both left 1 up left NaN 0.124933 1.166198 1.314503 1.331169
2 2 2 22 inner right 1 right up NaN 0.124933 0.866121 1.014446 1.031160
2 2 2 23 none right 1 up right NaN 0.124933 1.049551 1.197902 1.214567
2 2 2 24 outer right 1 down right NaN 0.124933 1.166361 1.314688 1.331364
2 2 2 25 inner left 1 right right NaN 0.124933 0.866266 1.014638 1.031294
2 2 2 26 inner right 1 up left NaN 0.124933 0.849467 0.997765 1.014495
2 2 2 27 none right 1 left left NaN 0.124933 1.082957 1.231333 1.248006
2 2 2 28 none left 1 right down NaN 0.124933 0.966195 1.114523 1.131131
2 2 2 29 both left 1 right down NaN 0.124933 1.098656 1.247000 1.263613
2 2 2 30 inner left 1 up up NaN 0.124933 1.048231 1.196559 1.213240
2 2 2 31 none left NaN NaN right NaN 0.124933 NaN 0.000000 0.000000
2 2 2 32 outer left 1 right up NaN 0.124933 0.850088 0.998489 1.015097
2 2 2 33 outer left 1 right up NaN 0.124933 0.895828 1.044170 1.060757
2 2 2 34 outer right 1 up right NaN 0.124933 0.929786 1.078048 1.094740
2 2 2 35 inner right 1 up right NaN 0.124933 1.016152 1.164525 1.181127
2 2 2 36 inner left 1 right right NaN 0.124933 1.215294 1.363643 1.380313
2 2 2 37 both left 1 up left NaN 0.124933 1.096413 1.244785 1.261509
2 2 2 38 outer left NaN NaN right NaN 0.124933 NaN 0.000000 0.000000
2 2 2 39 none right 1 left down NaN 0.124933 1.249701 1.397954 1.414622
2 2 2 40 both left 0 right right NaN 0.124933 0.782898 0.931172 0.947978
2 3 1 1 both right NaN NaN down NaN 0.124933 1.191484 1.332057 1.348724
2 3 1 2 inner right 1 up left 0.258324 0.124933 0.840731 0.981340 0.997979
2 3 1 3 outer right 1 down right 0.190346 0.158324 1.091592 1.282074 1.298725
2 3 1 4 none right 1 up left 0.375064 0.124335 0.773442 0.914017 0.930627
2 3 1 5 outer left 0 up right 0.176635 0.158324 1.073716 1.247846 1.264523
2 3 1 6 inner left 1 down up 0.208257 0.124335 0.953415 1.093974 1.110582
2 3 1 7 inner left 1 down up 0.224936 0.108257 0.773609 0.914093 0.930763
2 3 1 8 both right 1 up left 0.191642 0.116596 0.890800 1.031324 1.047948
2 3 1 9 outer right NaN NaN left NaN 0.108257 1.091172 1.231173 1.247787
2 3 1 10 inner left 1 left right 0.208270 0.108257 1.257365 1.397914 1.414593
2 3 1 11 inner right 1 up right 0.208393 0.108263 0.957174 1.081198 1.097780
2 3 1 12 outer right 0 right up 0.191593 0.108270 0.857361 0.997903 1.014582
2 3 1 13 both right 0 down right 0.191584 0.108263 1.190685 1.314613 1.331178
2 3 1 14 inner left 1 right up 0.208288 0.108257 0.840578 0.964500 0.981182
2 3 1 15 none right 1 up left 0.191622 0.108263 1.240654 1.364626 1.381238
2 3 1 16 both right 1 up right 0.191645 0.108257 0.790616 0.914539 0.931137
2 3 1 17 both right 1 down up 0.208320 0.099951 0.957247 1.081121 1.097873
2 3 1 18 none right 1 up up 0.191547 0.108257 0.940659 1.081205 1.097800
2 3 1 19 inner left 1 up left 0.191730 0.099951 1.140889 1.264916 1.281540
2 3 1 20 both right 1 left left 0.191635 0.091730 0.940597 1.064490 1.081227
2 3 1 21 none left 1 left down 0.174945 0.091688 1.223956 1.347873 1.364495
2 3 1 22 outer right 1 down up 0.208408 0.091645 1.223700 1.331091 1.347699
2 3 1 23 outer right 0 up up 0.408307 0.091688 0.807163 0.931116 0.947792
2 3 1 24 none right 1 down left 0.208309 0.091730 1.107979 1.231925 1.248498
2 3 1 25 inner right NaN NaN right NaN 0.099993 1.257361 1.381303 1.397897
2 3 1 26 both left 1 up left 0.208369 0.099993 0.840549 0.964544 0.981211
2 3 1 27 outer left NaN NaN up NaN 0.108257 NaN 0.000000 0.000000
2 3 1 28 both left NaN NaN left NaN 0.108257 1.223974 1.348008 1.364612
2 3 1 29 inner right 1 down down 0.225161 0.108257 1.173709 1.297885 1.314534
2 3 1 30 both right 1 up down 0.241540 0.108263 0.772987 0.913489 0.930091
2 3 1 31 none right NaN NaN right NaN 0.108270 NaN 0.000000 0.000000
2 3 1 32 outer left 1 right right 0.191584 0.108270 1.207229 1.347792 1.364397
2 3 1 33 none left 1 up right 0.191667 0.108263 0.973811 1.097744 1.114412
2 3 1 34 none left NaN NaN left NaN 0.108257 1.070704 1.194617 1.211228
2 3 1 35 outer left 1 right down 0.224981 0.108257 0.807260 0.931215 0.947879
2 3 1 36 none left 1 up left 0.191514 0.108263 1.257828 1.398346 1.414995
2 3 1 37 inner left 1 right left 0.224686 0.108257 0.974336 1.114624 1.131250
2 3 1 38 outer left 1 right down 0.191595 0.108263 1.240611 1.364542 1.381137
2 3 1 39 none right 1 right up 0.225005 0.108257 0.790649 0.914594 0.931231
2 3 1 40 both left 1 up right 0.175216 0.108263 1.173692 1.297903 1.314617
2 4 2 1 outer right 1 up down NaN 0.108257 0.882908 1.014606 1.031184
2 4 2 2 none left NaN NaN right NaN 0.108257 1.149511 1.281226 1.297825
2 4 2 3 outer left 1 up left NaN 0.108257 1.166174 1.297877 1.314528
2 4 2 4 outer right 1 down right NaN 0.108257 0.932856 1.064564 1.081160
2 4 2 5 both left 1 up left NaN 0.108257 1.082836 1.214546 1.231198
2 4 2 6 inner left 1 right up NaN 0.108257 1.032960 1.164589 1.181252
2 4 2 7 both right 1 up up NaN 0.108257 0.882979 1.014597 1.031256
2 4 2 8 outer right 1 up up NaN 0.108257 1.113308 1.245078 1.261737
2 4 2 9 inner right 1 up left NaN 0.108257 1.132977 1.264661 1.281317
2 4 2 10 inner left 1 up up NaN 0.108257 1.248685 1.380308 1.397006
2 4 2 11 outer left 1 right up NaN 0.108257 1.199663 1.331358 1.347941
2 4 2 12 inner right 1 up left NaN 0.108257 1.149595 1.281296 1.297939
2 4 2 13 outer left NaN NaN down NaN 0.108257 1.061489 1.193180 1.209769
2 4 2 14 both right 0 right left NaN 0.108257 0.866192 0.997840 1.014506
2 4 2 15 inner right 1 up right NaN 0.108257 0.982919 1.114579 1.131202
2 4 2 16 both right 1 up right NaN 0.108257 1.199612 1.331236 1.347905
2 4 2 17 outer left 1 up up NaN 0.108257 0.799582 0.931254 0.947853
2 4 2 18 inner right 1 left right NaN 0.108257 0.816134 0.947832 0.964497
2 4 2 19 none right 1 up right NaN 0.108257 1.116250 1.247791 1.264451
2 4 2 20 inner left 1 right right NaN 0.108257 1.016181 1.147856 1.164534
2 4 2 21 both right 1 up right NaN 0.108257 1.232916 1.364620 1.381283
2 4 2 22 both right 1 left down NaN 0.108257 0.899454 1.031175 1.047781
2 4 2 23 none left 1 up down NaN 0.108257 0.982954 1.114689 1.131343
2 4 2 24 inner left 1 right down NaN 0.108257 0.798779 0.930470 0.947132
2 4 2 25 both left 1 right up NaN 0.108257 1.215359 1.346993 1.363659
2 4 2 26 outer right 1 left right NaN 0.108257 1.116062 1.247756 1.264400
2 4 2 27 none left 1 right up NaN 0.108257 0.779293 0.910991 0.927651
2 4 2 28 both right 1 up up NaN 0.108257 0.764725 0.896424 0.913095
2 4 2 29 none left 1 left left NaN 0.108257 1.116532 1.248190 1.264795
2 4 2 30 none right 1 left up NaN 0.108257 1.149585 1.281206 1.297951
2 4 2 31 outer right 1 up right NaN 0.108257 1.249456 1.381096 1.397834
2 4 2 32 both right 1 left left NaN 0.108257 0.832812 0.964593 0.981260
2 4 2 33 none right 1 up up NaN 0.108257 0.999110 1.130811 1.147462
2 4 2 34 inner left 1 left down NaN 0.108257 0.866116 0.997894 1.014523
2 4 2 35 outer left 1 left up NaN 0.108257 1.195585 1.327277 1.344049
2 4 2 36 inner left NaN NaN right NaN 0.108257 NaN 0.000000 0.000000
2 4 2 37 none right 1 up right NaN 0.108257 1.179123 1.310725 1.327388
2 4 2 38 none left 1 right right NaN 0.108257 1.016253 1.147806 1.164467
2 4 2 39 none left 1 up up NaN 0.108257 1.164836 1.296619 1.313274
2 4 2 40 both left 1 left down NaN 0.108257 0.982983 1.114647 1.131321
2 5 1 1 none left 1 down down 0.208163 0.108257 1.006259 1.146701 1.163355
2 5 1 2 none left 1 up down 0.191513 0.108163 1.257477 1.397856 1.414600
2 5 1 3 inner right 1 up right 0.208321 0.099838 0.987955 1.111849 1.128508
2 5 1 4 inner right 1 down up 0.241581 0.108163 1.007278 1.131160 1.147749
2 5 1 5 both left 1 up right 0.208092 0.108242 0.857524 0.997969 1.014550
2 5 1 6 none right 1 down right 0.208179 0.108163 1.157595 1.297902 1.314654
2 5 1 7 inner right 1 up down 0.224749 0.108171 0.990870 1.114581 1.131315
2 5 1 8 inner left 1 down left 0.191405 0.108179 1.219912 1.360266 1.376913
2 5 1 9 outer right 1 up down 0.208184 0.108171 0.774011 0.897874 0.914459
2 5 1 10 outer right 1 down down 0.224872 0.108179 1.188214 1.328626 1.345294
2 5 1 11 inner right 1 up left 0.191547 0.108181 1.140733 1.264568 1.281166
2 5 1 12 none right 1 up right 0.191488 0.108179 1.106611 1.230412 1.247088
2 5 1 13 both left 1 down up 0.174861 0.108171 1.156222 1.296717 1.313383
2 5 1 14 outer left 1 right left 0.241584 0.108163 0.823288 0.947175 0.963753
2 5 1 15 inner right 1 down left 0.258195 0.108171 1.219558 1.343354 1.360037
2 5 1 16 none right 1 up up 0.241612 0.108179 0.974082 1.097968 1.114639
2 5 1 17 inner right 1 down right 0.191550 0.108181 1.202598 1.326400 1.343104
2 5 1 18 outer left 1 right right 0.191751 0.108179 1.173812 1.297896 1.314532
2 5 1 19 both left 1 left up 0.208282 0.108171 1.123940 1.247840 1.264516
2 5 1 20 outer right 1 down down 0.208236 0.108179 1.190687 1.314571 1.331173
2 5 1 21 outer right 1 up up 0.241586 0.108181 1.207367 1.331226 1.347831
2 5 1 22 inner left 0 left left 0.208157 0.108184 1.257548 1.397898 1.414639
2 5 1 23 none left 1 up up 0.224990 0.108181 1.037865 1.161731 1.178477
2 5 1 24 both left 1 left up 0.441668 0.108184 1.189244 1.313201 1.329794
2 5 1 25 both right 1 down right 0.225007 0.108210 0.989593 1.113617 1.130267
2 5 1 26 both left 1 up up 0.191647 0.108236 1.207360 1.331323 1.348024
2 5 1 27 outer right 1 up up 0.258109 0.108210 0.991588 1.131971 1.148638
2 5 1 28 none right 1 up right 0.241523 0.108236 0.990817 1.131239 1.147903
2 5 1 29 both left 1 right down 0.208175 0.108259 0.940837 1.081276 1.097941
2 5 1 30 none right 1 up left 0.191918 0.108236 0.823767 0.947837 0.964549
2 5 1 31 both left 1 right up 0.424923 0.108210 0.940741 1.081245 1.097902
2 5 1 32 both left 1 up up 0.174845 0.108236 1.019939 1.160432 1.177115
2 5 1 33 outer right 1 right down 0.241678 0.108210 1.007363 1.131330 1.147928
2 5 1 34 none right 1 up down 0.208176 0.108236 1.107466 1.247907 1.264526
2 5 1 35 inner left 0 right left 0.174453 0.108210 1.057637 1.197717 1.214372
2 5 1 36 both right 1 up left 0.191593 0.108184 1.220499 1.344245 1.360910
2 5 1 37 inner left 1 right up 0.191436 0.108181 0.890851 1.031269 1.047969
2 5 1 38 none right 1 up left 0.224841 0.108179 0.790318 0.914140 0.930758
2 5 1 39 outer right NaN NaN left NaN 0.108181 0.837613 0.977826 0.994540
2 5 1 40 outer right 1 down down 0.208143 0.108181 1.090853 1.214673 1.231327
2 6 2 1 both right 1 left right NaN 0.108179 1.066238 1.197925 1.214523
2 6 2 2 outer right 1 up down NaN 0.108179 1.171869 1.303596 1.320168
2 6 2 3 inner left 1 left left NaN 0.108179 0.949597 1.081276 1.097927
2 6 2 4 both left 0 right right NaN 0.108179 1.099526 1.231213 1.247920
2 6 2 5 inner left 1 right right NaN 0.108179 0.882965 1.014664 1.031319
2 6 2 6 inner left 1 right down NaN 0.108179 1.046584 1.178388 1.194962
2 6 2 7 outer right 0 up left NaN 0.108179 0.862930 0.994553 1.011180
2 6 2 8 outer right NaN NaN down NaN 0.108179 1.099444 1.231214 1.247869
2 6 2 9 none left NaN NaN down NaN 0.108179 1.249514 1.381186 1.397870
2 6 2 10 outer right 1 up right NaN 0.108179 1.249531 1.381334 1.397891
2 6 2 11 outer right 1 right left NaN 0.108179 0.966366 1.097932 1.114641
2 6 2 12 outer right 1 up left NaN 0.108179 0.949358 1.081105 1.097685
2 6 2 13 both left NaN NaN right NaN 0.108179 NaN 0.000000 0.000000
2 6 2 14 none left NaN NaN left NaN 0.108179 1.116289 1.248015 1.264676
2 6 2 15 none right 1 up left NaN 0.108179 0.763862 0.895462 0.912130
2 6 2 16 inner left 1 up right NaN 0.108179 0.995546 1.127286 1.143935
2 6 2 17 none left 1 up up NaN 0.108179 1.031639 1.163355 1.180019
2 6 2 18 inner right NaN NaN left NaN 0.108179 NaN 0.000000 0.000000
2 6 2 19 both right NaN NaN up NaN 0.108179 0.982878 1.114622 1.131227
2 6 2 20 outer left 1 right down NaN 0.108179 1.097783 1.229361 1.246073
2 6 2 21 none left 0 up left NaN 0.108179 1.099498 1.231111 1.247836
2 6 2 22 outer right 1 up left NaN 0.108179 1.266161 1.397787 1.414514
2 6 2 23 inner right 1 up up NaN 0.108179 1.179697 1.311389 1.328050
2 6 2 24 both right 1 up up NaN 0.108179 0.832812 0.964507 0.981161
2 6 2 25 outer left NaN NaN left NaN 0.108179 1.016179 1.147917 1.164545
2 6 2 26 inner left 0 right left NaN 0.108179 0.900299 1.032014 1.048606
2 6 2 27 inner right 1 up up NaN 0.108179 1.116266 1.248001 1.264559
2 6 2 28 both left NaN NaN down NaN 0.108179 NaN 0.000000 0.000000
2 6 2 29 none right 1 up down NaN 0.108179 0.766133 0.897915 0.914565
2 6 2 30 both left 1 right left NaN 0.108179 1.182922 1.314639 1.331300
2 6 2 31 none left 1 up up NaN 0.108179 0.949620 1.081337 1.097939
2 6 2 32 outer right 1 left up NaN 0.108179 0.832950 0.964643 0.981311
2 6 2 33 none left 0 up up NaN 0.108179 0.832838 0.964531 0.981206
2 6 2 34 both left 1 up up NaN 0.108179 0.782829 0.914531 0.931138
2 6 2 35 inner right NaN NaN up NaN 0.108179 1.115091 1.246711 1.263373
2 6 2 36 none right 1 up down NaN 0.108179 1.132884 1.264547 1.281151
2 6 2 37 inner left 1 right right NaN 0.108179 1.097152 1.228775 1.245544
2 6 2 38 none right 1 up up NaN 0.108179 1.016176 1.147866 1.164593
2 6 2 39 both left 1 right right NaN 0.108179 1.249559 1.381265 1.397861
2 6 2 40 both right 1 up up NaN 0.108179 0.928635 1.060274 1.076978
2 7 1 1 outer left 1 right up 0.224819 0.108179 0.924248 1.064723 1.081278
2 7 1 2 both right 1 up down 0.224851 0.124819 1.104782 1.245256 1.261984
2 7 1 3 inner right NaN NaN down NaN 0.124835 0.857574 1.014597 1.031324
2 7 1 4 both left 1 left up 0.241563 0.124835 0.890683 1.031235 1.047825
2 7 1 5 outer right 1 up up 0.241574 0.124851 0.824129 0.964677 0.981314
2 7 1 6 both left 1 left right 0.208220 0.133207 1.056658 1.213729 1.230385
2 7 1 7 none left 1 right right 0.191726 0.124851 0.891255 1.032011 1.048667
2 7 1 8 outer left 1 right left 0.208187 0.124835 0.790850 0.931315 0.947970
2 7 1 9 both left 1 right right 0.574691 0.124819 1.224255 1.381085 1.397766
2 7 1 10 inner left 1 right right 0.208163 0.124835 0.957459 1.097887 1.114534
2 7 1 11 outer left 1 right left 0.324267 0.124819 1.240501 1.397097 1.413791
2 7 1 12 outer right 1 up right 0.241552 0.124835 0.807361 0.947776 0.964548
2 7 1 13 none right NaN NaN down NaN 0.124851 NaN 0.000000 0.000000
2 7 1 14 inner left NaN NaN right NaN 0.124851 1.124287 1.264876 1.281552
2 7 1 15 both left 1 up up 0.166214 0.124851 1.121782 1.278889 1.295548
2 7 1 16 outer left NaN NaN down NaN 0.124835 1.123936 1.264444 1.281040
2 7 1 17 inner left 1 up up 0.191606 0.124835 0.837782 0.978321 0.994920
2 7 1 18 none left NaN NaN right NaN 0.124819 1.255757 1.396544 1.413218
2 7 1 19 none left 0 right right 0.241573 0.124819 0.840638 0.997772 1.014502
2 7 1 20 none left NaN NaN up NaN 0.124835 NaN 0.000000 0.000000
2 7 1 21 inner right 1 right left 0.374945 0.124835 0.840792 0.981337 0.997991
2 7 1 22 inner right 1 up down 0.208288 0.124851 1.107455 1.264748 1.281358
2 7 1 23 outer right 1 left down 0.224881 0.124835 1.106075 1.246576 1.263234
2 7 1 24 both right 1 left left 0.258169 0.124851 0.991029 1.148172 1.164794
2 7 1 25 both right NaN NaN down NaN 0.124866 1.238772 1.395865 1.412487
2 7 1 26 none right 1 right right 0.241427 0.124866 0.808385 0.965491 0.982086
2 7 1 27 both right NaN NaN left NaN 0.124881 1.223996 1.381193 1.397849
2 7 1 28 outer left 0 right right 0.191421 0.124881 1.223553 1.380508 1.397233
2 7 1 29 both right 1 up left 0.241525 0.124866 0.890800 1.047888 1.064534
2 7 1 30 none right 1 left left 0.208216 0.124881 0.988934 1.129417 1.146019
2 7 1 31 both right 1 up right 0.208257 0.124866 1.007298 1.164485 1.181162
2 7 1 32 outer right 1 down down 0.341589 0.124851 0.923990 1.064622 1.081205
2 7 1 33 none right 1 up down 0.224930 0.124866 1.188938 1.329462 1.346161
2 7 1 34 inner left 1 left up 0.208328 0.124881 0.957216 1.097920 1.114512
2 7 1 35 inner left NaN NaN down NaN 0.124866 0.940572 1.081358 1.097951
2 7 1 36 outer left 1 left left 0.191632 0.124866 1.174173 1.331317 1.347963
2 7 1 37 inner left 1 up left 0.191689 0.124851 1.074031 1.214629 1.231252
2 7 1 38 inner left 1 down up 0.175188 0.124835 1.023647 1.164483 1.181143
2 7 1 39 none right 1 up up 0.208310 0.124819 1.057259 1.197870 1.214453
2 7 1 40 none left 1 down right 0.159403 0.116573 1.224001 1.364629 1.381271
2 8 2 1 both right NaN NaN up NaN 0.108328 0.832796 0.964579 0.981249
2 8 2 2 both right 1 up down NaN 0.108328 1.016354 1.147993 1.164587
2 8 2 3 outer right NaN NaN up NaN 0.108328 NaN 0.000000 0.000000
2 8 2 4 inner left 1 down right NaN 0.108328 0.916526 1.048158 1.064804
2 8 2 5 outer right 1 up right NaN 0.108328 1.166300 1.297978 1.314646
2 8 2 6 none right 1 up right NaN 0.108328 0.866903 0.998632 1.015205
2 8 2 7 outer right NaN NaN right NaN 0.108328 0.949615 1.081414 1.098024
2 8 2 8 none right NaN NaN down NaN 0.108328 NaN 0.000000 0.000000
2 8 2 9 both right NaN NaN up NaN 0.108328 0.782795 0.914532 0.931202
2 8 2 10 outer right 1 down right NaN 0.108328 1.132930 1.264553 1.281237
2 8 2 11 both right 1 up down NaN 0.108328 1.099602 1.231291 1.247966
2 8 2 12 inner right 1 down down NaN 0.108328 0.882622 1.014328 1.030982
2 8 2 13 none right 1 up down NaN 0.108328 0.816553 0.948211 0.964911
2 8 2 14 both left 1 up right NaN 0.108328 1.014955 1.146609 1.163214
2 8 2 15 inner left 1 down left NaN 0.108328 0.799929 0.931611 0.948272
2 8 2 16 none right 1 up left NaN 0.108328 1.082845 1.214517 1.231188
2 8 2 17 inner left 1 right up NaN 0.108328 1.182937 1.314561 1.331225
2 8 2 18 outer right 1 up up NaN 0.108328 1.162289 1.293905 1.310571
2 8 2 19 outer left 1 up down NaN 0.108328 0.966382 1.098112 1.114753
2 8 2 20 both left 1 right up NaN 0.108328 0.782803 0.914442 0.931100
2 8 2 21 outer right 1 up up NaN 0.108328 0.916212 1.047933 1.064656
2 8 2 22 none right 1 down left NaN 0.108328 0.782772 0.914426 0.931095
2 8 2 23 both left NaN NaN left NaN 0.108328 NaN 0.000000 0.000000
2 8 2 24 outer right 1 up left NaN 0.108328 1.116375 1.248036 1.264713
2 8 2 25 inner left NaN NaN up NaN 0.108328 0.963650 1.095374 1.111959
2 8 2 26 inner left NaN NaN left NaN 0.108328 1.065907 1.197624 1.214227
2 8 2 27 none right 1 right right NaN 0.108328 0.982901 1.114601 1.131259
2 8 2 28 none left 1 down right NaN 0.108328 0.816418 0.948207 0.964854
2 8 2 29 inner right 1 up right NaN 0.108328 0.949508 1.081215 1.097876
2 8 2 30 both left 1 down right NaN 0.108328 0.966290 1.097979 1.114667
2 8 2 31 both right 1 up down NaN 0.108328 1.216312 1.347997 1.364610
2 8 2 32 both left NaN NaN right NaN 0.108328 NaN 0.000000 0.000000
2 8 2 33 inner right 0 down right NaN 0.108328 1.249504 1.381194 1.397817
2 8 2 34 none right NaN NaN left NaN 0.108328 NaN 0.000000 0.000000
2 8 2 35 outer left 0 right right NaN 0.108328 1.099502 1.231162 1.247899
2 8 2 36 outer right NaN NaN up NaN 0.108328 NaN 0.000000 0.000000
2 8 2 37 none left 1 right right NaN 0.108328 0.916245 1.047925 1.064688
2 8 2 38 inner right NaN NaN right NaN 0.108328 1.066198 1.197787 1.214515
2 8 2 39 none right 1 right down NaN 0.108328 0.916176 1.047783 1.064527
2 8 2 40 inner left 1 right left NaN 0.108328 0.832791 0.964478 0.981222
2 9 1 1 none left 1 right up 0.258194 0.108328 0.790775 0.931302 0.947998
2 9 1 2 both left 1 right left 0.192645 0.158194 1.074687 1.248570 1.265152
2 9 1 3 outer right 1 up up 0.224801 0.125420 0.940716 1.097823 1.114547
2 9 1 4 outer left 1 right up 0.191490 0.124801 0.940822 1.081367 1.098020
2 9 1 5 outer left 1 up right 0.191507 0.108723 1.024007 1.164551 1.181208
2 9 1 6 outer left 0 right right 0.191570 0.092645 1.090698 1.214550 1.231147
2 9 1 7 both left 1 right right 0.191574 0.092107 0.920084 1.043945 1.060577
2 9 1 8 inner right 1 up right 0.208211 0.091574 1.230025 1.353762 1.370341
2 9 1 9 both right NaN NaN left NaN 0.092109 1.190800 1.314607 1.331260
2 9 1 10 both right 1 up up 0.224792 0.092109 1.252319 1.376176 1.392742
2 9 1 11 none left 1 right down 0.191285 0.092645 1.207544 1.331182 1.347841
2 9 1 12 inner right 1 up up 0.208417 0.092109 0.940589 1.064628 1.081236
2 9 1 13 inner left NaN NaN up NaN 0.092645 1.257489 1.381272 1.398003
2 9 1 14 outer right 1 left right 0.208253 0.092645 1.190661 1.314451 1.331114
2 9 1 15 inner left 1 left left 0.191445 0.100428 1.140119 1.263870 1.280682
2 9 1 16 both left 1 left up 0.191622 0.092645 1.124074 1.247898 1.264562
2 9 1 17 outer left 1 right up 0.224933 0.092133 1.224262 1.348080 1.364817
2 9 1 18 outer right NaN NaN down NaN 0.092645 0.922179 1.046088 1.062715
2 9 1 19 outer right NaN NaN down NaN 0.092645 1.124104 1.247993 1.264640
2 9 1 20 none left 1 down up 0.191491 0.092645 0.839843 0.963605 0.980260
2 9 1 21 none right 1 right right 0.207879 0.092133 1.257829 1.381354 1.398010
2 9 1 22 none left 1 right left 0.274784 0.092645 0.874046 0.997792 1.014459
2 9 1 23 inner right 1 down down 0.191329 0.100262 1.224333 1.347924 1.364644
2 9 1 24 inner right 0 right right 0.208240 0.092645 0.940732 1.064539 1.081112
2 9 1 25 both left 1 right up 0.208094 0.100262 1.058441 1.182281 1.198877
2 9 1 26 outer left 1 right right 0.191777 0.107879 1.190580 1.314639 1.331265
2 9 1 27 both left 1 right down 0.174937 0.100262 1.040622 1.164411 1.181145
2 9 1 28 none left 1 right up 0.174833 0.092645 1.122520 1.246298 1.263023
2 9 1 29 none left 1 right left 0.191486 0.092211 0.840751 0.964546 0.981198
2 9 1 30 outer right 1 up up 0.208113 0.091777 1.057364 1.181094 1.197758
2 9 1 31 inner right NaN NaN down NaN 0.092211 0.887176 1.011087 1.027658
2 9 1 32 inner right NaN NaN down NaN 0.092211 1.004713 1.128524 1.145113
2 9 1 33 none left 1 right down 0.208192 0.092211 0.940784 1.064690 1.081274
2 9 1 34 none left 1 up left 0.191621 0.092645 0.891641 1.015552 1.032212
2 9 1 35 both right 1 right down 0.191542 0.092211 1.107278 1.231197 1.247874
2 9 1 36 inner left 1 right up 0.208327 0.091777 1.007262 1.131214 1.147836
2 9 1 37 none left 1 right right 0.191663 0.092211 1.007254 1.131174 1.147891
2 9 1 38 inner right 1 up down 0.208237 0.091777 1.240809 1.364628 1.381290
2 9 1 39 both left 0 right down 0.191533 0.092211 1.040719 1.164470 1.181148
2 9 1 40 both left NaN NaN right NaN 0.091777 1.124211 1.247908 1.264645
2 10 2 1 both right 1 right up NaN 0.091777 1.182778 1.297887 1.314452
2 10 2 2 inner right 1 down left NaN 0.091777 0.966148 1.081195 1.097779
2 10 2 3 both left 1 left left NaN 0.091777 1.064489 1.179575 1.196238
2 10 2 4 outer left 1 right right NaN 0.091777 1.049544 1.164533 1.181124
2 10 2 5 outer right 1 up down NaN 0.091777 0.828792 0.943787 0.960451
2 10 2 6 none left 1 left up NaN 0.091777 1.049589 1.164476 1.181231
2 10 2 7 both left 1 right up NaN 0.091777 0.999572 1.114640 1.131229
2 10 2 8 outer right 1 down right NaN 0.091777 1.166132 1.281211 1.297879
2 10 2 9 both right 0 left left NaN 0.091777 0.782973 0.897928 0.914595
2 10 2 10 inner right 1 up left NaN 0.091777 1.032850 1.147880 1.164602
2 10 2 11 none left 1 right right NaN 0.091777 0.982913 1.097941 1.114605
2 10 2 12 inner right 1 up right NaN 0.091777 1.232846 1.347828 1.364512
2 10 2 13 both right 1 down down NaN 0.091777 1.116247 1.231147 1.247745
2 10 2 14 none right 1 up right NaN 0.091777 1.049532 1.164564 1.181227
2 10 2 15 inner left 1 right right NaN 0.091777 1.064200 1.179204 1.195906
2 10 2 16 outer right 1 up right NaN 0.091777 0.999729 1.114655 1.131241
2 10 2 17 outer left 1 right up NaN 0.091777 1.147759 1.262774 1.279439
2 10 2 18 outer right 1 up up NaN 0.091777 1.132798 1.247858 1.264468
2 10 2 19 none right 1 right down NaN 0.091777 1.049528 1.164599 1.181257
2 10 2 20 inner right 1 left down NaN 0.091777 1.244838 1.359930 1.376534
2 10 2 21 both left 1 up left NaN 0.091777 1.182963 1.297956 1.314631
2 10 2 22 outer left 1 right down NaN 0.091777 0.916173 1.031207 1.047853
2 10 2 23 none left 1 right left NaN 0.091777 0.999572 1.114589 1.131279
2 10 2 24 inner left 1 right up NaN 0.091777 1.049507 1.164592 1.181240
2 10 2 25 inner right 1 left left NaN 0.091777 1.116279 1.231305 1.247949
2 10 2 26 outer right 1 left up NaN 0.091777 1.113428 1.228439 1.245107
2 10 2 27 inner left 1 left up NaN 0.091777 0.899551 1.014486 1.031242
2 10 2 28 none left 0 left left NaN 0.091777 1.166316 1.281359 1.298001
2 10 2 29 none right 1 up left NaN 0.091777 1.016109 1.131189 1.147816
2 10 2 30 both left 1 left down NaN 0.091777 1.216240 1.331158 1.347811
2 10 2 31 both left 1 right right NaN 0.091777 0.948896 1.063927 1.080589
2 10 2 32 inner left 1 left left NaN 0.091777 1.029132 1.144066 1.160731
2 10 2 33 none right 1 down left NaN 0.091777 0.849538 0.964630 0.981230
2 10 2 34 none left 1 right right NaN 0.091777 1.199540 1.314588 1.331276
2 10 2 35 both right 1 up right NaN 0.091777 0.780779 0.895759 0.912429
2 10 2 36 inner right 1 left right NaN 0.091777 0.931540 1.046550 1.063209
2 10 2 37 none left 1 up up NaN 0.091777 0.782914 0.898025 0.914573
2 10 2 38 outer left 1 right right NaN 0.091777 1.232811 1.347887 1.364413
2 10 2 39 outer left 1 right down NaN 0.091777 1.216180 1.331174 1.347773
2 10 2 40 both right 1 left left NaN 0.091777 0.799487 0.914532 0.931183
2 11 1 1 both right NaN NaN right NaN 0.091777 NaN 0.000000 0.000000
2 11 1 2 inner right 1 right left 0.225038 0.091777 1.073853 1.197872 1.214525
2 11 1 3 outer right 1 left left 0.408392 0.125038 1.240618 1.397905 1.414505
2 11 1 4 both left 1 down down 0.174953 0.216715 0.957588 1.198219 1.214842
2 11 1 5 outer right 1 right left 0.208246 0.125038 1.123950 1.281236 1.297943
2 11 1 6 outer left 1 up down 0.208299 0.116642 1.253774 1.394387 1.411060
2 11 1 7 outer right 1 up up 0.225026 0.108299 0.940600 1.064569 1.081116
2 11 1 8 both left 1 down right 0.191575 0.116662 0.940697 1.081299 1.097887
2 11 1 9 both left 1 right left 0.375187 0.108299 0.807087 0.931242 0.947880
2 11 1 10 both right NaN NaN left NaN 0.116662 0.873580 1.014237 1.030886
2 11 1 11 none left 1 up down 0.191675 0.116662 1.007352 1.147964 1.164577
2 11 1 12 inner right 1 down right 0.191545 0.108299 1.019375 1.159888 1.176546
2 11 1 13 inner right NaN NaN down NaN 0.108273 0.772588 0.912977 0.929651
2 11 1 14 both right NaN NaN left NaN 0.108273 0.974041 1.097836 1.114578
2 11 1 15 outer left 1 up up 0.174725 0.108273 1.240830 1.381192 1.397935
2 11 1 16 inner left 1 down right 0.191481 0.108246 1.157305 1.297769 1.314515
2 11 1 17 both left 1 right down 0.191150 0.099961 0.837255 0.960683 0.977423
2 11 1 18 none left 1 down up 0.208029 0.091675 1.239250 1.362972 1.379565
2 11 1 19 outer right 0 left up 0.191363 0.099852 0.874127 0.997856 1.014527
2 11 1 20 outer left 1 up left 0.175043 0.091675 0.886762 0.994066 1.010743
2 11 1 21 inner right 1 left down 0.208235 0.091625 1.069880 1.193809 1.210466
2 11 1 22 none right 1 down left 0.174348 0.091675 1.088863 1.212135 1.228721
2 11 1 23 none left 1 right down 0.191589 0.091625 0.990652 1.114435 1.131196
2 11 1 24 none right 1 up down 0.208308 0.091589 0.857263 0.964448 0.981109
2 11 1 25 none right 1 down down 0.241748 0.091632 0.986559 1.093846 1.110489
2 11 1 26 none left 1 right right 0.191600 0.091675 0.773989 0.897860 0.914533
2 11 1 27 outer right 1 up right 0.191745 0.091637 0.871389 0.978848 0.995526
2 11 1 28 both right 1 down up 0.191686 0.091675 0.986900 1.110799 1.127380
2 11 1 29 outer left 1 right right 0.191634 0.091680 0.924054 1.047894 1.064645
2 11 1 30 none right 1 up right 0.208020 0.091675 1.107211 1.230903 1.247576
2 11 1 31 none right NaN NaN right NaN 0.091680 0.774110 0.881323 0.897973
2 11 1 32 inner right 1 down up 0.158388 0.091680 1.157231 1.264581 1.281261
2 11 1 33 both left 1 right left 0.224830 0.091675 1.107487 1.231241 1.247903
2 11 1 34 inner left 0 down right 0.274758 0.091680 0.890886 1.014572 1.031261
2 11 1 35 inner right 1 up right 0.224807 0.091686 1.057502 1.181226 1.197928
2 11 1 36 inner left NaN NaN down NaN 0.091715 0.902465 1.026288 1.042897
2 11 1 37 both right 1 down up 0.224979 0.091715 1.223961 1.347908 1.364573
2 11 1 38 outer right NaN NaN up NaN 0.091745 1.053093 1.176816 1.193504
2 11 1 39 inner right NaN NaN down NaN 0.091745 1.003644 1.127395 1.144072
2 11 1 40 none right NaN NaN right NaN 0.091745 1.140603 1.264412 1.281158
2 12 2 1 outer left 1 up up NaN 0.091745 0.949841 1.064896 1.081627
2 12 2 2 none left 1 right down NaN 0.091745 0.881845 0.996908 1.013498
2 12 2 3 both right 1 up down NaN 0.091745 1.012199 1.127271 1.143861
2 12 2 4 none left 1 down down NaN 0.091745 0.766131 0.881226 0.897825
2 12 2 5 both left 0 right right NaN 0.091745 0.945650 1.060762 1.077434
2 12 2 6 outer right 1 down up NaN 0.091745 1.166246 1.281150 1.297827
2 12 2 7 both left 1 up right NaN 0.091745 1.116217 1.231219 1.247819
2 12 2 8 none left 1 right right NaN 0.091745 0.949452 1.064416 1.081147
2 12 2 9 inner right 1 up down NaN 0.091745 1.066167 1.181146 1.197893
2 12 2 10 outer left 1 right down NaN 0.091745 0.894816 1.009835 1.026560
2 12 2 11 both left 1 up up NaN 0.091745 0.816543 0.931658 0.948159
2 12 2 12 outer right 1 down right NaN 0.091745 0.899468 1.014553 1.031224
2 12 2 13 inner right 1 up left NaN 0.091745 1.229766 1.344788 1.361473
2 12 2 14 inner left 1 down left NaN 0.091745 0.765877 0.880890 0.897595
2 12 2 15 outer right 1 right right NaN 0.091745 0.966245 1.081241 1.097843
2 12 2 16 outer left 1 down down NaN 0.091745 1.166208 1.281243 1.297844
2 12 2 17 none left 1 down left NaN 0.091745 0.816190 0.931158 0.947889
2 12 2 18 outer right 1 up right NaN 0.091745 0.846564 0.961616 0.978279
2 12 2 19 both right 1 down up NaN 0.091745 0.866956 0.981969 0.998647
2 12 2 20 both right 1 up down NaN 0.091745 1.149461 1.264486 1.281083
2 12 2 21 none right 1 down left NaN 0.091745 1.063529 1.178607 1.195290
2 12 2 22 inner right 1 up right NaN 0.091745 0.799471 0.914551 0.931176
2 12 2 23 none right 1 down right NaN 0.091745 1.216334 1.331277 1.347900
2 12 2 24 none right 1 down up NaN 0.091745 1.199537 1.314599 1.331253
2 12 2 25 inner left 1 right right NaN 0.091745 1.032858 1.147922 1.164493
2 12 2 26 both left 1 up left NaN 0.091745 0.999657 1.114687 1.131368
2 12 2 27 none left 1 right down NaN 0.091745 0.832926 0.947885 0.964622
2 12 2 28 outer right 1 down left NaN 0.091745 0.799581 0.914616 0.931218
2 12 2 29 inner left 1 right down NaN 0.091745 0.999547 1.114553 1.131156
2 12 2 30 inner left 1 up up NaN 0.091745 1.031358 1.146354 1.162970
2 12 2 31 inner right 1 up up NaN 0.091745 1.216542 1.331629 1.348221
2 12 2 32 inner right 1 down left NaN 0.091745 0.816279 0.931314 0.947888
2 12 2 33 outer left 1 left left NaN 0.091745 0.999481 1.114425 1.131096
2 12 2 34 both right 1 up left NaN 0.091745 1.082849 1.197937 1.214607
2 12 2 35 both left 1 left right NaN 0.091745 0.766171 0.881246 0.897920
2 12 2 36 none right 1 down left NaN 0.091745 1.249630 1.364603 1.381262
2 12 2 37 inner right 1 up left NaN 0.091745 1.116287 1.231281 1.247873
2 12 2 38 both left 1 right up NaN 0.091745 1.183196 1.298259 1.314834
2 12 2 39 none left 1 right right NaN 0.091745 0.832955 0.947969 0.964628
2 12 2 40 outer left 1 up up NaN 0.091745 0.814704 0.929776 0.946414
2 13 1 1 both right 1 right down 0.207933 0.091745 1.224132 1.347805 1.364504
2 13 1 2 outer left 1 up up 0.258108 0.107933 0.774082 0.897838 0.914425
2 13 1 3 inner right 1 down right 0.191886 0.133021 1.007049 1.164489 1.181188
2 13 1 4 outer right 1 up right 0.258285 0.107933 0.807246 0.931179 0.947785
2 13 1 5 outer right 1 down left 0.008551 0.133021 0.952994 1.110545 1.127217
2 13 1 6 inner right 1 up down 0.208321 0.107933 0.986456 1.110412 1.127061
2 13 1 7 inner left NaN NaN down NaN 0.108127 1.153397 1.277358 1.294015
2 13 1 8 none left 1 up left 0.208314 0.108127 1.174248 1.298210 1.314850
2 13 1 9 outer right 1 down left 0.225251 0.108314 1.190475 1.314554 1.331239
2 13 1 10 both right 1 up up 0.224878 0.108317 1.253241 1.393777 1.410436
2 13 1 11 none left NaN NaN left NaN 0.108321 1.054241 1.194801 1.211468
2 13 1 12 inner left 1 up down 0.241029 0.108321 0.773633 0.913695 0.930376
2 13 1 13 inner right 1 down up 0.191612 0.116600 1.070061 1.210657 1.227280
2 13 1 14 both right 1 up down 0.208385 0.108321 1.121526 1.245513 1.262197
2 13 1 15 none left 1 down left 0.191875 0.108353 1.123917 1.248024 1.264686
2 13 1 16 inner left 1 up down 0.175056 0.108321 1.207342 1.331347 1.348015
2 13 1 17 inner right 1 down down 0.241908 0.108317 0.957193 1.081302 1.097909
2 13 1 18 none left 1 left left 0.225277 0.108321 0.973751 1.097911 1.114566
2 13 1 19 outer left 1 left left 0.257985 0.108353 1.202962 1.343218 1.359916
2 13 1 20 none right 1 down down 0.191891 0.108385 1.040538 1.164657 1.181245
2 13 1 21 both right 1 up up 0.224849 0.108353 1.107338 1.247828 1.264553
2 13 1 22 both left 1 left up 0.241606 0.108385 1.041043 1.181621 1.198333
2 13 1 23 outer left 1 left left 0.208277 0.116617 1.123929 1.264494 1.281158
2 13 1 24 outer left 1 down up 0.208134 0.108385 0.987919 1.128344 1.144989
2 13 1 25 outer right 1 up up 0.241294 0.108353 0.857522 0.997785 1.014454
2 13 1 26 both left 1 left down 0.191654 0.108385 0.940734 1.081265 1.097932
2 13 1 27 inner left 1 left up 0.375030 0.108353 1.207273 1.347881 1.364605
2 13 1 28 none right 1 down right 0.224969 0.108385 1.003418 1.144016 1.160688
2 13 1 29 inner right 1 down left 0.258272 0.116617 0.990572 1.131165 1.147846
2 13 1 30 none right 1 up right 0.208625 0.124849 0.990594 1.131429 1.148099
2 13 1 31 none left 1 left up 0.191584 0.116737 1.057775 1.198350 1.214948
2 13 1 32 both left 1 left down 0.191897 0.108625 1.257186 1.398017 1.414590
2 13 1 33 both left 1 left up 0.224966 0.108505 0.873974 1.014513 1.031257
2 13 1 34 outer right 1 up right 0.191076 0.108625 1.223860 1.363832 1.380482
2 13 1 35 inner left 1 right right 0.191497 0.108505 1.074228 1.214523 1.231197
2 13 1 36 none right 1 down down 0.174850 0.108385 1.103363 1.243836 1.260500
2 13 1 37 outer right 1 down up 0.241471 0.108353 0.874044 1.014427 1.031143
2 13 1 38 both right 1 up left 0.208237 0.108385 1.206662 1.347051 1.363709
2 13 1 39 none right 0 down right 0.191255 0.108353 1.173471 1.313731 1.330398
2 13 1 40 both left 1 left down 0.208228 0.108321 1.140709 1.281146 1.297817
2 14 2 1 both left NaN NaN up NaN 0.108317 0.999662 1.131193 1.147867
2 14 2 2 both left 1 left down NaN 0.108317 0.982790 1.114476 1.131136
2 14 2 3 inner left 1 right right NaN 0.108317 0.983006 1.114555 1.131291
2 14 2 4 outer right 1 left right NaN 0.108317 0.899680 1.031356 1.048008
2 14 2 5 inner left 1 up up NaN 0.108317 0.816170 0.947865 0.964443
2 14 2 6 inner right 1 left up NaN 0.108317 0.882943 1.014640 1.031317
2 14 2 7 outer right 1 up up NaN 0.108317 1.249565 1.381323 1.397927
2 14 2 8 both left 1 right up NaN 0.108317 0.866669 0.998339 1.014965
2 14 2 9 outer right 1 right down NaN 0.108317 0.914244 1.045932 1.062590
2 14 2 10 none right 1 right up NaN 0.108317 0.764072 0.895716 0.912383
2 14 2 11 none right 1 right down NaN 0.108317 1.232841 1.364546 1.381207
2 14 2 12 none left 1 down down NaN 0.108317 0.799453 0.931165 0.947825
2 14 2 13 both right 1 up up NaN 0.108317 1.182961 1.314616 1.331318
2 14 2 14 both right 1 up right NaN 0.108317 0.982750 1.114548 1.131141
2 14 2 15 both right 1 left up NaN 0.108317 0.949697 1.081355 1.097931
2 14 2 16 none right 1 left up NaN 0.108317 1.066196 1.197795 1.214540
2 14 2 17 none right 1 up right NaN 0.108317 0.798869 0.930500 0.947168
2 14 2 18 outer right 1 left down NaN 0.108317 0.781986 0.913721 0.930320
2 14 2 19 inner right 1 left right NaN 0.108317 1.082874 1.214562 1.231219
2 14 2 20 none left 1 down down NaN 0.108317 0.981495 1.113117 1.129852
2 14 2 21 both left 1 down down NaN 0.108317 0.849630 0.981301 0.997910
2 14 2 22 both right NaN NaN down NaN 0.108317 NaN 0.000000 0.000000
2 14 2 23 inner right 1 down left NaN 0.108317 1.182933 1.314641 1.331223
2 14 2 24 inner right 1 left right NaN 0.108317 0.966172 1.097792 1.114452
2 14 2 25 none right 1 down right NaN 0.108317 1.032873 1.164581 1.181288
2 14 2 26 outer left NaN NaN left NaN 0.108317 1.132965 1.264643 1.281256
2 14 2 27 none right 1 up up NaN 0.108317 0.895386 1.026994 1.043735
2 14 2 28 inner left 1 right down NaN 0.108317 0.982784 1.114520 1.131168
2 14 2 29 outer right 1 up up NaN 0.108317 1.049544 1.181252 1.197916
2 14 2 30 both left 1 right down NaN 0.108317 0.916267 1.047893 1.064631
2 14 2 31 inner left 1 up left NaN 0.108317 1.249622 1.381263 1.397985
2 14 2 32 none left 1 up left NaN 0.108317 1.066288 1.197978 1.214642
2 14 2 33 outer left 0 right right NaN 0.108317 1.246842 1.378550 1.395285
2 14 2 34 outer left 1 right right NaN 0.108317 0.782738 0.914448 0.931219
2 14 2 35 both right 1 up left NaN 0.108317 0.850307 0.981982 0.998669
2 14 2 36 none right 1 up left NaN 0.108317 0.778413 0.910106 0.926772
2 14 2 37 outer left 1 right right NaN 0.108317 1.116231 1.247886 1.264500
2 14 2 38 inner right 1 left down NaN 0.108317 1.249646 1.381291 1.397870
2 14 2 39 inner left 1 left up NaN 0.108317 1.149546 1.281168 1.297842
2 14 2 40 outer left 1 up up NaN 0.108317 1.149556 1.281265 1.297926
2 15 1 1 outer right 1 up down 0.275044 0.108317 0.807341 0.947945 0.964522
2 15 1 2 inner left 1 down up 0.208433 0.175044 0.840609 1.047854 1.064506
2 15 1 3 inner right 0 up up 0.208287 0.141738 1.157354 1.331276 1.347892
2 15 1 4 both left 1 up down 0.174968 0.108433 1.041391 1.181996 1.198646
2 15 1 5 outer left 0 right left 0.208284 0.108360 0.823888 0.964503 0.981163
2 15 1 6 both right 1 up left 0.225273 0.108287 1.140326 1.264478 1.281132
2 15 1 7 none left 1 up up 0.191625 0.108360 1.205083 1.329031 1.345624
2 15 1 8 outer left NaN NaN left NaN 0.108287 1.125104 1.265588 1.282252
2 15 1 9 none left 1 left down 0.208239 0.108287 0.973964 1.114528 1.131186
2 15 1 10 inner right 1 up left 0.191653 0.108286 1.124000 1.264563 1.281159
2 15 1 11 both left 1 left up 0.191638 0.108284 1.074906 1.215524 1.232109
2 15 1 12 none right 1 up right 0.208285 0.108261 0.829324 0.953248 0.969918
2 15 1 13 none right 1 down up 0.208306 0.108284 1.020152 1.144108 1.160722
2 15 1 14 outer right 1 left left 0.208593 0.108285 0.822688 0.946857 0.963514
2 15 1 15 both right 1 up left 0.425007 0.108285 0.807343 0.931256 0.947864
2 15 1 16 both right NaN NaN left NaN 0.108286 0.890563 1.014504 1.031138
2 15 1 17 both left 1 right right 0.191729 0.108286 1.257354 1.397977 1.414633
2 15 1 18 outer right 1 up up 0.224963 0.108285 1.090579 1.231203 1.247861
2 15 1 19 both right 1 down down 0.191648 0.108286 1.240737 1.364716 1.381334
2 15 1 20 inner left 1 left right 0.208289 0.108285 1.007386 1.147992 1.164567
2 15 1 21 outer right 1 up down 0.357698 0.108286 0.773292 0.913301 0.929884
2 15 1 22 both right 1 down right 0.224949 0.108287 1.207334 1.347856 1.364589
2 15 1 23 none right 1 up right 0.241674 0.108288 0.772444 0.896466 0.913137
2 15 1 24 inner left 1 down down 0.174992 0.108289 0.873867 1.014516 1.031159
2 15 1 25 outer right 1 up left 0.174982 0.108288 1.173936 1.297901 1.314482
2 15 1 26 inner left 1 left up 0.191506 0.108287 0.904992 1.045530 1.062203
2 15 1 27 inner right 1 up left 0.191716 0.108286 1.090487 1.214539 1.231113
2 15 1 28 none right 1 up up 0.191593 0.108285 0.924013 1.047953 1.064567
2 15 1 29 outer right 1 down left 0.208333 0.108285 0.819723 0.943645 0.960378
2 15 1 30 both right 1 up up 0.224932 0.108285 0.937621 1.078282 1.094877
2 15 1 31 none left 1 down up 0.191662 0.108286 0.788615 0.912592 0.929239
2 15 1 32 none left 1 up up 0.191648 0.108285 1.239069 1.363032 1.379691
2 15 1 33 inner left 1 left up 0.174770 0.108285 1.024213 1.164672 1.181298
2 15 1 34 both right 1 up left 0.225040 0.108284 1.053552 1.177468 1.194075
2 15 1 35 inner right 1 up right 0.208252 0.108285 1.071029 1.211622 1.228255
2 15 1 36 none right 1 up left 0.208250 0.108284 1.107406 1.247942 1.264552
2 15 1 37 outer left 1 down up 0.191643 0.108268 0.990664 1.114708 1.131232
2 15 1 38 outer right 1 up right 0.208303 0.108252 1.023952 1.147900 1.164537
2 15 1 39 none left 1 left down 0.208088 0.108268 0.957481 1.097893 1.114474
2 15 1 40 inner right 1 up down 0.191603 0.108252 1.174211 1.314783 1.331476
2 16 2 1 inner right 1 right up NaN 0.108251 0.766099 0.897803 0.914523
2 16 2 2 both right 1 left left NaN 0.108251 0.906882 1.038558 1.055148
2 16 2 3 both right 1 down left NaN 0.108251 0.816251 0.947932 0.964603
2 16 2 4 both left 1 up down NaN 0.108251 0.932831 1.064524 1.081184
2 16 2 5 inner right 1 down left NaN 0.108251 1.116017 1.247754 1.264439
2 16 2 6 none right 1 up down NaN 0.108251 1.099529 1.231218 1.247816
2 16 2 7 both left 1 up up NaN 0.108251 1.116221 1.247965 1.264635
2 16 2 8 outer right NaN NaN down NaN 0.108251 NaN 0.000000 0.000000
2 16 2 9 none left 1 down right NaN 0.108251 0.766566 0.898257 0.914837
2 16 2 10 none right 1 up left NaN 0.108251 0.782269 0.913947 0.930618
2 16 2 11 both left NaN NaN right NaN 0.108251 NaN 0.000000 0.000000
2 16 2 12 outer left 1 right down NaN 0.108251 1.215683 1.347389 1.364143
2 16 2 13 none right 1 down down NaN 0.108251 0.999582 1.131269 1.147933
2 16 2 14 both right 1 up left NaN 0.108251 1.082847 1.214589 1.231208
2 16 2 15 both left 1 up right NaN 0.108251 1.115721 1.247446 1.264098
2 16 2 16 both right 1 up up NaN 0.108251 0.832799 0.964452 0.981134
2 16 2 17 outer left 1 up left NaN 0.108251 0.782859 0.914549 0.931270
2 16 2 18 none left 1 up right NaN 0.108251 1.249544 1.381233 1.397895
2 16 2 19 none right 1 up right NaN 0.108251 1.032833 1.164493 1.181166
2 16 2 20 inner right 1 up left NaN 0.108251 0.930360 1.062046 1.078647
2 16 2 21 none left 1 left down NaN 0.108251 1.249497 1.381227 1.397870
2 16 2 22 inner left 1 up left NaN 0.108251 0.816156 0.947918 0.964543
2 16 2 23 outer right 1 left down NaN 0.108251 0.999497 1.131248 1.147925
2 16 2 24 inner left NaN NaN left NaN 0.108251 NaN 0.000000 0.000000
2 16 2 25 outer right 1 up right NaN 0.108251 1.116223 1.247881 1.264583
2 16 2 26 both left 1 up down NaN 0.108251 0.999473 1.131091 1.147841
2 16 2 27 inner left 1 up right NaN 0.108251 0.949493 1.081254 1.097925
2 16 2 28 outer right 1 left right NaN 0.108251 0.767014 0.898687 0.915342
2 16 2 29 none left 1 left left NaN 0.108251 0.799575 0.931132 0.947801
2 16 2 30 inner right 1 up left NaN 0.108251 1.216274 1.347883 1.364553
2 16 2 31 inner left 0 up left NaN 0.108251 1.200336 1.331947 1.348608
2 16 2 32 both left NaN NaN right NaN 0.108251 1.232884 1.364627 1.381319
2 16 2 33 inner right NaN NaN up NaN 0.108251 NaN 0.000000 0.000000
2 16 2 34 none right 1 up down NaN 0.108251 1.032943 1.164649 1.181292
2 16 2 35 outer left 1 right right NaN 0.108251 0.914417 1.046122 1.062779
2 16 2 36 none left 1 left left NaN 0.108251 0.966319 1.097997 1.114594
2 16 2 37 outer right 1 left left NaN 0.108251 0.896379 1.028047 1.044657
2 16 2 38 outer left 1 right up NaN 0.108251 1.099621 1.231292 1.247949
2 16 2 39 inner left 1 left left NaN 0.108251 1.182810 1.314461 1.331102
2 16 2 40 outer right 1 left left NaN 0.108251 1.132846 1.264479 1.281213
2 17 1 1 both right 1 down left 0.258294 0.108251 0.773986 0.897921 0.914577
2 17 1 2 none left 1 up down 0.190437 0.158294 0.790689 0.981265 0.997865
2 17 1 3 both left 1 left up 0.024871 0.124365 1.073999 1.214516 1.231180
2 17 1 4 none left 1 down up 0.191651 0.090437 0.953436 1.060705 1.077307
2 17 1 5 inner right 1 left left 0.224978 0.091044 1.089046 1.196334 1.212940
2 17 1 6 both left NaN NaN right NaN 0.091651 0.840711 0.964550 0.981148
2 17 1 7 outer right NaN NaN up NaN 0.091651 NaN 0.000000 0.000000
2 17 1 8 outer left 1 up right 0.224984 0.091651 0.808102 0.932050 0.948757
2 17 1 9 outer right 1 down left 0.175009 0.108315 1.039075 1.163063 1.179664
2 17 1 10 both right 1 left right 0.174956 0.091651 1.140529 1.264376 1.281060
2 17 1 11 both left 1 up right 0.190961 0.091044 1.204087 1.327376 1.343974
2 17 1 12 outer right 1 down right 0.191621 0.090961 1.040724 1.147983 1.164587
2 17 1 13 outer right 1 up left 0.241563 0.091291 0.857421 0.964563 0.981309
2 17 1 14 both left NaN NaN left NaN 0.091621 NaN 0.000000 0.000000
2 17 1 15 inner right NaN NaN up NaN 0.091621 0.974528 1.098314 1.114977
2 17 1 16 both right 1 down left 0.241660 0.091621 0.787578 0.894892 0.911572
2 17 1 17 both right NaN NaN right NaN 0.091636 1.090710 1.198028 1.214690
2 17 1 18 outer left 1 up up 0.191739 0.091636 1.086665 1.194004 1.210734
2 17 1 19 inner left 1 up right 0.191876 0.091651 0.890341 0.997856 1.014451
2 17 1 20 none left 1 up down 0.241590 0.091695 0.807418 0.931335 0.947905
2 17 1 21 outer left NaN NaN up NaN 0.091739 0.802685 0.926484 0.943152
2 17 1 22 outer right 1 down left 0.174820 0.091739 1.224130 1.347991 1.364578
2 17 1 23 inner right 1 up right 0.224916 0.091695 0.923955 1.047776 1.064456
2 17 1 24 outer left 1 up up 0.225127 0.091739 0.907088 1.014617 1.031262
2 17 1 25 inner left 1 down right 0.175039 0.091807 1.023502 1.147516 1.164121
2 17 1 26 none left 1 up up 0.274958 0.091739 1.157325 1.281246 1.297848
2 17 1 27 inner right 1 down right 0.208398 0.091807 0.854980 0.978947 0.995542
2 17 1 28 none left 1 up up 0.191616 0.091876 0.786118 0.910115 0.926728
2 17 1 29 outer left NaN NaN down NaN 0.091807 1.024817 1.148799 1.165384
2 17 1 30 inner left 1 right down 0.191661 0.091807 0.957315 1.081276 1.097889
2 17 1 31 both left 1 up down 0.191649 0.091739 0.807269 0.931270 0.947831
2 17 1 32 inner right 1 down left 0.174931 0.091700 1.190614 1.314520 1.331158
2 17 1 33 none right 1 up up 0.224625 0.091661 0.874377 0.997958 1.014546
2 17 1 34 both right 0 down down 0.123818 0.091700 1.007257 1.131207 1.147913
2 17 1 35 inner right NaN NaN up NaN 0.091661 NaN 0.000000 0.000000
2 17 1 36 none right 0 up left 0.126423 0.091661 1.023931 1.147881 1.164553
2 17 1 37 none right 0 down left 0.191446 0.091656 1.036177 1.159974 1.176666
2 17 1 38 none left 1 up left 0.208507 0.091651 0.873651 0.981222 0.997805
2 17 1 39 inner right 1 down left 0.174786 0.091656 0.924135 1.047898 1.064486
2 17 1 40 none right 1 down right 0.258364 0.091651 1.202801 1.326662 1.343398
2 18 2 1 outer right 1 down left NaN 0.091656 0.899908 1.014927 1.031530
2 18 2 2 outer right 1 up right NaN 0.091656 0.882834 0.997898 1.014505
2 18 2 3 none left 1 left down NaN 0.091656 0.799542 0.914524 0.931252
2 18 2 4 inner left 1 right right NaN 0.091656 1.249614 1.364632 1.381311
2 18 2 5 inner left 1 up right NaN 0.091656 0.899487 1.014558 1.031256
2 18 2 6 outer left 1 right right NaN 0.091656 1.016236 1.131236 1.147842
2 18 2 7 inner left 1 right right NaN 0.091656 1.049488 1.164510 1.181195
2 18 2 8 inner right 1 left up NaN 0.091656 0.932810 1.047948 1.064533
2 18 2 9 both left 1 right right NaN 0.091656 1.228693 1.343686 1.360334
2 18 2 10 both left 1 right up NaN 0.091656 1.132810 1.247853 1.264532
2 18 2 11 inner left 1 right down NaN 0.091656 1.232869 1.347922 1.364567
2 18 2 12 none right NaN NaN up NaN 0.091656 1.049481 1.164536 1.181115
2 18 2 13 both right 1 left up NaN 0.091656 1.049415 1.164512 1.181162
2 18 2 14 both right NaN NaN down NaN 0.091656 0.816215 0.931252 0.947923
2 18 2 15 outer right 1 left up NaN 0.091656 1.249571 1.364591 1.381269
2 18 2 16 none left 1 left left NaN 0.091656 0.849559 0.964603 0.981279
2 18 2 17 none right 0 up right NaN 0.091656 1.182922 1.297951 1.314553
2 18 2 18 both right 1 left down NaN 0.091656 1.032855 1.147903 1.164540
2 18 2 19 inner left 1 right left NaN 0.091656 1.182783 1.297755 1.314420
2 18 2 20 inner left 1 up right NaN 0.091656 1.130854 1.245894 1.262502
2 18 2 21 none right 1 down left NaN 0.091656 1.249641 1.364517 1.381252
2 18 2 22 both left 1 right left NaN 0.091656 0.766136 0.881188 0.897836
2 18 2 23 outer right 1 up right NaN 0.091656 1.178590 1.293642 1.310295
2 18 2 24 inner left 1 right down NaN 0.091656 0.830148 0.945220 0.961811
2 18 2 25 none right 1 left right NaN 0.091656 1.082842 1.197932 1.214524
2 18 2 26 both left 1 up right NaN 0.091656 1.116239 1.231257 1.247936
2 18 2 27 both left 1 right down NaN 0.091656 0.982766 1.097849 1.114450
2 18 2 28 both left 1 right left NaN 0.091656 0.832888 0.947839 0.964504
2 18 2 29 outer left 1 right up NaN 0.091656 0.932904 1.047812 1.064480
2 18 2 30 outer left 1 up right NaN 0.091656 1.132765 1.247875 1.264464
2 18 2 31 none left 1 left left NaN 0.091656 1.182856 1.297939 1.314601
2 18 2 32 none left 1 up down NaN 0.091656 1.066617 1.181601 1.198258
2 18 2 33 none left 1 right down NaN 0.091656 0.799447 0.914490 0.931145
2 18 2 34 both left 1 up up NaN 0.091656 1.066226 1.181233 1.197913
2 18 2 35 outer left 1 right right NaN 0.091656 0.900318 1.015282 1.031947
2 18 2 36 outer right 1 left left NaN 0.091656 1.049517 1.164542 1.181123
2 18 2 37 outer left 1 up left NaN 0.091656 1.049495 1.164510 1.181177
2 18 2 38 inner left 1 right right NaN 0.091656 1.049547 1.164573 1.181235
2 18 2 39 none right 1 left down NaN 0.091656 1.099355 1.214377 1.231048
2 18 2 40 inner right 1 left right NaN 0.091656 1.166296 1.281253 1.297901
2 19 1 1 both left 1 up down 0.174860 0.091656 1.157408 1.281094 1.297743
2 19 1 2 inner right 1 right down 0.191620 0.074860 0.870539 0.977594 0.994263
2 19 1 3 inner left NaN NaN left NaN 0.083240 1.174613 1.281811 1.298407
2 19 1 4 outer left 1 up down 0.374900 0.083240 0.807417 0.914553 0.931212
2 19 1 5 outer right NaN NaN right NaN 0.091620 0.957423 1.081238 1.097900
2 19 1 6 inner left NaN NaN right NaN 0.091620 NaN 0.000000 0.000000
2 19 1 7 outer right 1 down left 0.191475 0.091620 1.173977 1.281162 1.297862
2 19 1 8 none right 1 left down 0.224760 0.091547 0.907421 1.031156 1.047795
2 19 1 9 inner left 0 up right 0.157844 0.091620 1.057682 1.181219 1.197889
2 19 1 10 none right NaN NaN left NaN 0.091547 1.238552 1.346002 1.362655
2 19 1 11 both left 1 left down 0.191630 0.091547 0.988571 1.095842 1.112501
2 19 1 12 inner left 1 up up 0.191642 0.091620 1.007360 1.114628 1.131231
2 19 1 13 none left 1 right right 0.174981 0.091625 1.240582 1.347781 1.364519
2 19 1 14 outer right NaN NaN down NaN 0.091620 1.140973 1.248312 1.264898
2 19 1 15 outer right NaN NaN left NaN 0.091620 1.003136 1.110631 1.127300
2 19 1 16 both left 1 up up 0.174894 0.091620 1.140726 1.264518 1.281255
2 19 1 17 none right NaN NaN right NaN 0.091547 0.791155 0.898367 0.915047
2 19 1 18 inner right NaN NaN right NaN 0.091547 0.986605 1.110375 1.127108
2 19 1 19 inner right 1 left down 0.207995 0.091547 0.891067 1.014609 1.031351
2 19 1 20 both left 1 left left 0.191497 0.091620 0.857545 0.981255 0.997913
2 19 1 21 inner left 1 left up 0.208162 0.091558 1.040747 1.164466 1.181119
2 19 1 22 none right NaN NaN left NaN 0.091620 0.822530 0.946297 0.962942
2 19 1 23 none left 1 left right 0.191387 0.091620 1.207947 1.331616 1.348202
2 19 1 24 none right 1 down down 0.191585 0.091558 0.974125 1.097952 1.114695
2 19 1 25 outer right NaN NaN down NaN 0.091585 1.053916 1.161193 1.177929
2 19 1 26 inner left 1 up up 0.191670 0.091585 1.040567 1.147851 1.164463
2 19 1 27 both right NaN NaN down NaN 0.091602 1.056999 1.164519 1.181203
2 19 1 28 both left NaN NaN right NaN 0.091602 0.863610 0.970889 0.987521
2 19 1 29 both left 1 left left 0.208542 0.091602 0.957042 1.064502 1.081121
2 19 1 30 none left 1 left up 0.191702 0.091620 1.035936 1.143180 1.159844
2 19 1 31 outer left NaN NaN down NaN 0.091625 1.107341 1.214585 1.231319
2 19 1 32 outer right 1 left right 0.258219 0.091625 1.040734 1.164565 1.181219
2 19 1 33 none left 1 left left 0.174423 0.091630 1.041317 1.164713 1.181297
2 19 1 34 both left 1 right left 0.241419 0.091625 1.040706 1.164421 1.181076
2 19 1 35 none left 1 right up 0.224918 0.091630 0.858064 0.981871 0.998541
2 19 1 36 both right NaN NaN up NaN 0.091636 0.990989 1.114664 1.131351
2 19 1 37 outer left 0 right down 0.191531 0.091636 0.838491 0.962308 0.979030
2 19 1 38 outer right NaN NaN right NaN 0.091630 1.040751 1.164591 1.181247
2 19 1 39 both left 1 right left 0.225022 0.091630 1.040655 1.147948 1.164611
2 19 1 40 inner right NaN NaN down NaN 0.091636 1.190863 1.314677 1.331242
2 20 2 1 none left 1 left up NaN 0.091636 1.013017 1.128007 1.144702
2 20 2 2 none left 1 left up NaN 0.091636 0.995382 1.110514 1.127157
2 20 2 3 outer right 1 up down NaN 0.091636 1.016258 1.131337 1.147998
2 20 2 4 inner left 1 down left NaN 0.091636 1.232822 1.347751 1.364472
2 20 2 5 none right 1 up left NaN 0.091636 0.880996 0.995923 1.012648
2 20 2 6 outer left NaN NaN right NaN 0.091636 1.032855 1.147967 1.164549
2 20 2 7 none right NaN NaN right NaN 0.091636 NaN 0.000000 0.000000
2 20 2 8 both left 1 right right NaN 0.091636 1.099748 1.214769 1.231421
2 20 2 9 inner right 1 left down NaN 0.091636 0.963835 1.078719 1.095381
2 20 2 10 none left 1 up up NaN 0.091636 1.066328 1.181271 1.197923
2 20 2 11 outer left 1 down left NaN 0.091636 1.233144 1.348121 1.364715
2 20 2 12 outer right 1 up right NaN 0.091636 0.963893 1.078928 1.095602
2 20 2 13 inner left 0 right right NaN 0.091636 1.082935 1.197888 1.214629
2 20 2 14 both left 1 right right NaN 0.091636 0.916150 1.031157 1.047766
2 20 2 15 both left 1 right up NaN 0.091636 1.095812 1.210909 1.227522
2 20 2 16 none left 1 right down NaN 0.091636 0.866125 0.981205 0.997853
2 20 2 17 outer right 1 up left NaN 0.091636 1.182937 1.297962 1.314678
2 20 2 18 both right 1 up right NaN 0.091636 0.982905 1.097921 1.114593
2 20 2 19 inner right 1 up right NaN 0.091636 1.082963 1.197998 1.214666
2 20 2 20 both left 1 up up NaN 0.091636 0.849527 0.964612 0.981267
2 20 2 21 inner left 1 up right NaN 0.091636 1.099519 1.214531 1.231170
2 20 2 22 none right 1 up down NaN 0.091636 0.888315 1.003416 1.020020
2 20 2 23 both right 1 left right NaN 0.091636 1.116140 1.231163 1.247806
2 20 2 24 none left 1 up right NaN 0.091636 1.216196 1.331234 1.347879
2 20 2 25 both left 1 right down NaN 0.091636 0.798807 0.913786 0.930452
2 20 2 26 none right 1 left left NaN 0.091636 1.099496 1.214447 1.231114
2 20 2 27 inner right 1 up left NaN 0.091636 0.882825 0.997922 1.014569
2 20 2 28 outer right 1 left up NaN 0.091636 1.066311 1.181289 1.197993
2 20 2 29 inner left 1 up down NaN 0.091636 1.132831 1.247868 1.264536
2 20 2 30 inner left 1 up left NaN 0.091636 1.050455 1.165443 1.182044
2 20 2 31 none left 1 up down NaN 0.091636 0.844878 0.959938 0.976591
2 20 2 32 inner right NaN NaN right NaN 0.091636 1.016220 1.131270 1.147920
2 20 2 33 outer right NaN NaN up NaN 0.091636 NaN 0.000000 0.000000
2 20 2 34 both right 1 left left NaN 0.091636 0.949531 1.064588 1.081227
2 20 2 35 outer right 1 left left NaN 0.091636 0.800142 0.915188 0.931899
2 20 2 36 outer left 1 left left NaN 0.091636 0.997683 1.112838 1.129362
2 20 2 37 both right 1 left right NaN 0.091636 0.862255 0.977139 0.993807
2 20 2 38 inner right 1 left left NaN 0.091636 0.914154 1.029156 1.045815
2 20 2 39 outer right 1 left left NaN 0.091636 0.866155 0.981206 0.997829
2 20 2 40 both right 1 left down NaN 0.091636 1.182795 1.297808 1.314457
