person blockN blockType trial flankerSide targetSide respG respC targOri saccStart targDisplayLat dotRemoveTimeStamp targOnTimeStamp targOffTimeStamp
3 1 1 1 both right NaN NaN left NaN 0.100000 0.767420 0.898003 0.947974
3 1 1 2 none left 1 up left 0.181803 0.100000 1.049504 1.181268 1.231270
3 1 1 3 outer right 1 down right 0.216362 0.081803 0.849533 0.947975 0.998125
3 1 1 4 none left NaN NaN left NaN 0.099083 0.832868 0.947989 0.998049
3 1 1 5 outer right 1 up left 0.332847 0.099083 0.877906 0.992933 1.043010
3 1 1 6 inner left 1 up up 0.198515 0.116362 0.911893 1.060358 1.110384
3 1 1 7 none left 1 up right 0.199681 0.107439 1.199898 1.331673 1.381742
3 1 1 8 none right NaN NaN right NaN 0.099681 0.849331 0.981125 1.031129
3 1 1 9 outer right 1 down right 0.216361 0.099681 0.966247 1.097948 1.148022
3 1 1 10 both right 1 left down 0.216279 0.108021 1.212245 1.344083 1.394002
3 1 1 11 inner left NaN NaN down NaN 0.116279 NaN 0.000000 0.000000
3 1 1 12 both left 1 up right 0.198487 0.116279 1.066112 1.214571 1.264569
3 1 1 13 inner right 1 down left 0.249618 0.107980 0.982833 1.114563 1.164579
3 1 1 14 both left 0 up up 0.216209 0.116279 0.866370 1.014733 1.064730
3 1 1 15 inner right 1 left left 0.216352 0.116244 1.081998 1.230429 1.280424
3 1 1 16 both right 1 down left 0.216198 0.116279 1.061735 1.210029 1.260077
3 1 1 17 inner left 1 right right 0.199693 0.116244 0.764426 0.896211 0.946279
3 1 1 18 inner left 1 right left 0.199527 0.116209 1.066318 1.198009 1.248014
3 1 1 19 both right NaN NaN up NaN 0.116204 0.982910 1.114636 1.164709
3 1 1 20 outer left NaN NaN right NaN 0.116204 1.099561 1.247891 1.297956
3 1 1 21 inner left 1 up down 0.181839 0.116204 1.049468 1.181301 1.231276
3 1 1 22 none right NaN NaN down NaN 0.116198 NaN 0.000000 0.000000
3 1 1 23 none right 1 down down 0.216339 0.116198 1.032899 1.164644 1.214730
3 1 1 24 inner right NaN NaN up NaN 0.116204 NaN 0.000000 0.000000
3 1 1 25 outer left 1 right down 0.181766 0.116204 1.166297 1.298020 1.348030
3 1 1 26 inner right 1 down left 0.349629 0.116198 1.116206 1.247975 1.297921
3 1 1 27 outer right 1 right right 0.232979 0.116204 0.999865 1.131671 1.181602
3 1 1 28 outer left 1 left up 0.199607 0.116209 1.032872 1.164635 1.214633
3 1 1 29 none right 1 down up 0.216287 0.116204 1.164164 1.295912 1.345906
3 1 1 30 outer left 1 left up 0.181871 0.116209 1.130199 1.262064 1.312039
3 1 1 31 none right 1 right up 0.233017 0.116204 0.916256 1.048096 1.098072
3 1 1 32 inner left 1 right up 0.266276 0.116209 0.966089 1.097911 1.147921
3 1 1 33 outer left 1 left down 0.199603 0.116244 0.916302 1.047995 1.098062
3 1 1 34 outer left 1 left down 0.216302 0.116209 1.149511 1.281215 1.331214
3 1 1 35 none left 1 up up 0.174851 0.116244 1.129791 1.278079 1.328080
3 1 1 36 both right 1 right left 0.232914 0.116209 1.081871 1.213689 1.263618
3 1 1 37 both right 1 left right 0.232987 0.116244 1.178526 1.310313 1.360349
3 1 1 38 none left 1 up up 0.216312 0.116279 0.899474 1.047941 1.097944
3 1 1 39 both right 1 left down 0.233056 0.116283 0.916169 1.064636 1.114615
3 1 1 40 both left 1 right right 0.199586 0.116287 1.082913 1.214737 1.264734
3 2 2 1 outer right 1 down up NaN 0.116283 0.896473 1.044818 1.094814
3 2 2 2 outer left 0 up up NaN 0.116283 0.883542 1.015373 1.065378
3 2 2 3 inner right 1 up up NaN 0.116283 1.166331 1.314731 1.364727
3 2 2 4 both right 1 right down NaN 0.116283 0.950175 1.098583 1.148672
3 2 2 5 outer left 1 right down NaN 0.116283 1.249607 1.398003 1.448027
3 2 2 6 both left 1 right right NaN 0.116283 0.947141 1.095526 1.145694
3 2 2 7 outer left 1 right down NaN 0.116283 1.066303 1.214711 1.264653
3 2 2 8 both left 1 right up NaN 0.116283 0.950178 1.098447 1.148551
3 2 2 9 both right 1 up up NaN 0.116283 0.999610 1.147871 1.197895
3 2 2 10 both right 1 up down NaN 0.116283 0.933773 1.082157 1.132241
3 2 2 11 both left 1 right down NaN 0.116283 0.866908 1.015261 1.065271
3 2 2 12 outer left 1 right right NaN 0.116283 1.149561 1.298064 1.348067
3 2 2 13 inner left 1 right left NaN 0.116283 1.249598 1.397990 1.448010
3 2 2 14 inner right NaN NaN right NaN 0.116283 NaN 0.000000 0.000000
3 2 2 15 none right 1 down left NaN 0.116283 1.245883 1.377731 1.427728
3 2 2 16 none right NaN NaN down NaN 0.116283 NaN 0.000000 0.000000
3 2 2 17 inner left NaN NaN left NaN 0.116283 NaN 0.000000 0.000000
3 2 2 18 none left 1 up left NaN 0.116283 0.881099 1.029425 1.079485
3 2 2 19 inner right NaN NaN down NaN 0.116283 NaN 0.000000 0.000000
3 2 2 20 both left NaN NaN right NaN 0.116283 0.766192 0.914662 0.964660
3 2 2 21 outer left 1 right down NaN 0.116283 0.866313 1.014674 1.064745
3 2 2 22 inner left 1 left left NaN 0.116283 1.116272 1.264654 1.314699
3 2 2 23 none left NaN NaN down NaN 0.116283 1.116159 1.264511 1.314588
3 2 2 24 none right 1 left left NaN 0.116283 0.978559 1.126941 1.176897
3 2 2 25 both right 1 left down NaN 0.116283 1.016188 1.164617 1.214623
3 2 2 26 outer left 1 right down NaN 0.116283 1.049622 1.198053 1.248059
3 2 2 27 none right 1 down down NaN 0.116283 0.766244 0.914696 0.964658
3 2 2 28 outer right 1 up right NaN 0.116283 1.016358 1.148165 1.198164
3 2 2 29 none left 1 up up NaN 0.116283 1.114426 1.262794 1.312737
3 2 2 30 both left 1 right left NaN 0.116283 1.049695 1.197990 1.248003
3 2 2 31 both right 1 up up NaN 0.116283 0.799613 0.948036 0.998097
3 2 2 32 outer left 1 right down NaN 0.116283 0.782808 0.931285 0.981255
3 2 2 33 none right 1 up right NaN 0.116283 0.947556 1.095983 1.145981
3 2 2 34 inner right 1 left left NaN 0.116283 1.049579 1.198058 1.248056
3 2 2 35 inner left 1 right right NaN 0.116283 0.916106 1.047944 1.097920
3 2 2 36 outer left 1 up up NaN 0.116283 0.849559 0.981404 1.031397
3 2 2 37 none right 1 left right NaN 0.116283 1.183297 1.331735 1.381713
3 2 2 38 inner right 1 left down NaN 0.116283 1.099539 1.247896 1.297963
3 2 2 39 inner left 1 right down NaN 0.116283 1.149554 1.281386 1.331311
3 2 2 40 none left 1 left left NaN 0.116283 1.216262 1.348091 1.398083
3 3 1 1 none right 1 left left 0.232853 0.116283 1.047582 1.195915 1.245917
3 3 1 2 outer right 1 down down 0.198526 0.132853 0.932919 1.081348 1.131411
3 3 1 3 both right NaN NaN up NaN 0.115690 0.796643 0.928402 0.978464
3 3 1 4 none left 1 up up 0.199633 0.115690 1.182877 1.314664 1.364645
3 3 1 5 both right 1 right up 0.181726 0.099633 0.983044 1.114726 1.164736
3 3 1 6 inner left 1 right right 0.182984 0.099080 0.949480 1.064605 1.114613
3 3 1 7 none left 1 up left 0.199593 0.098526 0.966211 1.081368 1.131377
3 3 1 8 both right 1 down right 0.199509 0.099060 0.814930 0.930049 0.979914
3 3 1 9 none right NaN NaN down NaN 0.099509 NaN 0.000000 0.000000
3 3 1 10 outer right 1 right up 0.199646 0.099509 1.216166 1.331209 1.381285
3 3 1 11 inner left 1 up down 0.216356 0.099551 0.782941 0.898032 0.948032
3 3 1 12 both right 1 down left 0.232928 0.099593 0.782684 0.897920 0.947839
3 3 1 13 none right 1 right up 0.232922 0.099613 0.949618 1.081304 1.131304
3 3 1 14 inner left 0 up right 0.232922 0.099633 1.016173 1.147861 1.197932
3 3 1 15 none right NaN NaN right NaN 0.099639 1.133042 1.264647 1.314705
3 3 1 16 outer left 1 right down 0.181801 0.099639 0.999629 1.131386 1.181383
3 3 1 17 both right NaN NaN up NaN 0.099633 1.028166 1.160015 1.210016
3 3 1 18 outer right 1 down left 0.216291 0.099633 0.899658 1.031374 1.081364
3 3 1 19 both left 1 up up 0.183079 0.099639 0.865204 0.980374 1.030375
3 3 1 20 inner right 1 left down 0.199523 0.099633 1.116166 1.247910 1.297834
3 3 1 21 none right 1 down down 0.233030 0.099613 1.216226 1.348075 1.398064
3 3 1 22 inner right NaN NaN up NaN 0.099633 0.949310 1.064522 1.114477
3 3 1 23 inner left NaN NaN down NaN 0.099633 1.166150 1.297825 1.347855
3 3 1 24 outer right 1 left left 0.232861 0.099633 1.016314 1.148049 1.198071
3 3 1 25 inner left 1 up up 0.249610 0.099639 0.799585 0.914752 0.964792
3 3 1 26 inner right 1 right up 0.232894 0.099646 1.011953 1.143732 1.193736
3 3 1 27 none right 1 down down 0.216331 0.107968 0.964140 1.095952 1.145973
3 3 1 28 none right 1 up up 0.249639 0.116291 0.782776 0.914602 0.964648
3 3 1 29 outer right NaN NaN right NaN 0.116311 1.232935 1.381327 1.431407
3 3 1 30 outer right NaN NaN down NaN 0.116311 0.961746 1.110172 1.160175
3 3 1 31 both left NaN NaN down NaN 0.116311 0.816245 0.964732 1.014724
3 3 1 32 both left 1 up up 0.198439 0.116311 0.799632 0.947999 0.998053
3 3 1 33 inner right NaN NaN left NaN 0.116291 0.782740 0.914504 0.964503
3 3 1 34 inner right NaN NaN up NaN 0.116291 NaN 0.000000 0.000000
3 3 1 35 both left NaN NaN up NaN 0.116291 1.149668 1.298091 1.348021
3 3 1 36 outer right 1 down left 0.198449 0.116291 1.133064 1.281458 1.331488
3 3 1 37 none left 1 up up 0.216364 0.107968 1.166200 1.297974 1.347975
3 3 1 38 both left NaN NaN up NaN 0.116291 0.933579 1.065392 1.115412
3 3 1 39 outer left 1 up down 0.232928 0.116291 0.914206 1.062628 1.112616
3 3 1 40 outer right NaN NaN right NaN 0.116311 NaN 0.000000 0.000000
3 4 2 1 both left NaN NaN up NaN 0.116311 1.116604 1.265100 1.315087
3 4 2 2 outer left 1 right down NaN 0.116311 0.916363 1.064833 1.114837
3 4 2 3 both right 1 left right NaN 0.116311 1.099539 1.231374 1.281377
3 4 2 4 none right 1 up right NaN 0.116311 1.132815 1.281296 1.331308
3 4 2 5 both left 1 right right NaN 0.116311 0.949696 1.097986 1.147971
3 4 2 6 both right 1 left left NaN 0.116311 0.828428 0.976767 1.026830
3 4 2 7 none left 1 left left NaN 0.116311 1.066092 1.214501 1.264571
3 4 2 8 inner right 1 down down NaN 0.116311 1.199421 1.331258 1.381252
3 4 2 9 outer right 1 left up NaN 0.116311 1.216245 1.364709 1.414643
3 4 2 10 inner left 1 right down NaN 0.116311 0.761530 0.910015 0.959945
3 4 2 11 both left 1 right right NaN 0.116311 1.228186 1.376646 1.426552
3 4 2 12 inner right 1 left right NaN 0.116311 1.032949 1.181245 1.231318
3 4 2 13 inner right 1 right right NaN 0.116311 0.966242 1.114776 1.164656
3 4 2 14 both left 1 right down NaN 0.116311 1.116243 1.264719 1.314647
3 4 2 15 outer left 1 right right NaN 0.116311 0.949651 1.097998 1.148048
3 4 2 16 none left 1 right right NaN 0.116311 1.132932 1.281344 1.331349
3 4 2 17 none right 1 up up NaN 0.116311 1.232996 1.381374 1.431308
3 4 2 18 inner left 1 right down NaN 0.116311 0.866590 1.015111 1.065153
3 4 2 19 outer right 1 right left NaN 0.116311 0.999656 1.148039 1.198014
3 4 2 20 none right 1 left left NaN 0.116311 1.066072 1.197852 1.247919
3 4 2 21 outer right 1 up down NaN 0.116311 0.866147 1.014550 1.064587
3 4 2 22 outer left 1 right right NaN 0.116311 0.916444 1.064812 1.114881
3 4 2 23 none left 1 right up NaN 0.116311 0.866993 1.015531 1.065554
3 4 2 24 both right 1 down down NaN 0.116311 1.099459 1.247981 1.297896
3 4 2 25 none left 1 right up NaN 0.116311 0.899551 1.047998 1.098073
3 4 2 26 outer left 1 up up NaN 0.116311 0.816287 0.964717 1.014715
3 4 2 27 inner left 1 right left NaN 0.116311 0.895299 1.043729 1.093693
3 4 2 28 inner right 1 left down NaN 0.116311 1.149625 1.298026 1.348032
3 4 2 29 both left 1 right down NaN 0.116311 1.166580 1.315070 1.365097
3 4 2 30 none right 1 left down NaN 0.116311 0.832850 0.981356 1.031358
3 4 2 31 inner right 1 left right NaN 0.116311 1.216800 1.365200 1.415197
3 4 2 32 inner left 0 up up NaN 0.116311 1.032670 1.181022 1.231099
3 4 2 33 none left 1 right down NaN 0.116311 1.114940 1.246810 1.296780
3 4 2 34 outer left 1 right right NaN 0.116311 0.949566 1.097993 1.147949
3 4 2 35 none left 1 right left NaN 0.116311 1.099470 1.247907 1.297912
3 4 2 36 outer left 1 right up NaN 0.116311 0.899397 1.047822 1.097894
3 4 2 37 inner left 1 right right NaN 0.116311 0.949601 1.098001 1.148067
3 4 2 38 both left 1 right right NaN 0.116311 0.782746 0.914590 0.964578
3 4 2 39 both left 1 right right NaN 0.116311 0.912097 1.060442 1.110443
3 4 2 40 outer left 1 right down NaN 0.116311 1.067162 1.198996 1.249004
3 5 1 1 inner left 1 up left 0.199716 0.116311 0.965991 1.097785 1.147851
3 5 1 2 none left 1 down up 0.232958 0.099716 0.766277 0.898061 0.948060
3 5 1 3 none left 1 down up 0.180248 0.116337 1.117050 1.265468 1.315533
3 5 1 4 inner left 1 left down 0.199472 0.099716 1.033756 1.165417 1.215417
3 5 1 5 outer left 1 left left 0.181726 0.099594 0.982950 1.114648 1.164656
3 5 1 6 both right 1 right up 0.199648 0.099472 1.232748 1.347796 1.397867
3 5 1 7 both left 1 down down 0.216290 0.099560 0.833046 0.964833 1.014832
3 5 1 8 none right 1 up down 0.199526 0.099648 1.199634 1.331310 1.381330
3 5 1 9 outer right 1 right left 0.216182 0.099587 1.066104 1.181108 1.231246
3 5 1 10 none right 1 down up 0.199437 0.099648 0.882956 1.014632 1.064549
3 5 1 11 outer left NaN NaN up NaN 0.099587 0.830751 0.962418 1.012430
3 5 1 12 outer left NaN NaN right NaN 0.099587 0.799676 0.931372 0.981377
3 5 1 13 inner left NaN NaN down NaN 0.099587 0.899621 1.014730 1.064660
3 5 1 14 outer right NaN NaN left NaN 0.099587 0.917112 1.032304 1.082300
3 5 1 15 none right NaN NaN up NaN 0.099587 1.149581 1.264736 1.314661
3 5 1 16 inner left NaN NaN down NaN 0.099587 0.799443 0.914652 0.964650
3 5 1 17 outer left NaN NaN down NaN 0.099587 0.947154 1.078918 1.128853
3 5 1 18 both right 1 down left 0.249621 0.099587 0.916106 1.031215 1.081270
3 5 1 19 both right 1 right down 0.249635 0.099648 0.882711 1.014505 1.064492
3 5 1 20 both right 1 down up 0.199677 0.099682 1.049431 1.181282 1.231271
3 5 1 21 none left NaN NaN up NaN 0.099677 1.066042 1.197807 1.247895
3 5 1 22 both left 1 left left 0.199614 0.099677 0.999498 1.131274 1.181278
3 5 1 23 inner left NaN NaN up NaN 0.099663 0.782386 0.914171 0.964141
3 5 1 24 both left NaN NaN right NaN 0.099663 0.849600 0.981385 1.031322
3 5 1 25 none left NaN NaN right NaN 0.099663 0.766391 0.898218 0.948148
3 5 1 26 outer left NaN NaN left NaN 0.099663 0.900483 1.032180 1.082104
3 5 1 27 outer left NaN NaN down NaN 0.099663 0.982746 1.097939 1.147917
3 5 1 28 inner left NaN NaN left NaN 0.099663 1.116096 1.231229 1.281228
3 5 1 29 inner right 1 right up 0.199628 0.099663 1.082900 1.214633 1.264702
3 5 1 30 both right NaN NaN up NaN 0.099648 1.232661 1.364427 1.414428
3 5 1 31 inner right 1 right down 0.216200 0.099648 1.082899 1.214655 1.264587
3 5 1 32 both right 1 down left 0.216378 0.099663 0.816310 0.948012 0.998089
3 5 1 33 none left NaN NaN left NaN 0.099677 0.799492 0.931317 0.981334
3 5 1 34 none right 1 down down 0.349631 0.099677 0.832806 0.964565 1.014623
3 5 1 35 both left 1 left up 0.182903 0.099696 0.962868 1.077942 1.127938
3 5 1 36 outer left 1 up right 0.181713 0.099677 1.049629 1.181386 1.231331
3 5 1 37 inner right NaN NaN right NaN 0.099663 0.833498 0.965237 1.015302
3 5 1 38 none left 1 up up 0.199551 0.099663 1.249578 1.381271 1.431276
3 5 1 39 outer right 1 down left 0.199563 0.099648 1.082894 1.214622 1.264639
3 5 1 40 inner left NaN NaN down NaN 0.099638 0.999471 1.131217 1.181300
3 6 2 1 inner left NaN NaN up NaN 0.099638 0.949555 1.081199 1.131275
3 6 2 2 both left 0 right up NaN 0.099638 0.932945 1.064616 1.114694
3 6 2 3 none right 1 up left NaN 0.099638 0.833052 0.964839 1.014873
3 6 2 4 inner left 1 right down NaN 0.099638 1.166224 1.297976 1.347971
3 6 2 5 both right 1 left up NaN 0.099638 0.799556 0.931270 0.981268
3 6 2 6 both left 1 right right NaN 0.099638 1.066231 1.198061 1.248080
3 6 2 7 inner right 1 up down NaN 0.099638 0.832876 0.964601 1.014535
3 6 2 8 outer right 1 up left NaN 0.099638 1.116198 1.231315 1.281391
3 6 2 9 both right 1 up up NaN 0.099638 0.966225 1.097890 1.147993
3 6 2 10 both left 1 up up NaN 0.099638 0.766695 0.898440 0.948526
3 6 2 11 outer left 0 left down NaN 0.099638 0.911759 1.043426 1.093502
3 6 2 12 none left 1 right down NaN 0.099638 1.166397 1.298051 1.348065
3 6 2 13 both left 1 left left NaN 0.099638 0.832897 0.964652 1.014669
3 6 2 14 outer left 1 up left NaN 0.099638 0.862085 0.993762 1.043764
3 6 2 15 inner left 0 right right NaN 0.099638 0.832866 0.964684 1.014711
3 6 2 16 none left 1 up up NaN 0.099638 1.199583 1.331388 1.381322
3 6 2 17 outer right 1 left left NaN 0.099638 1.078033 1.209826 1.259786
3 6 2 18 inner right 1 up up NaN 0.099638 0.995615 1.127425 1.177475
3 6 2 19 inner left 1 right right NaN 0.099638 1.016307 1.148062 1.198059
3 6 2 20 both left 1 right right NaN 0.099638 1.032746 1.164600 1.214489
3 6 2 21 outer right 1 left left NaN 0.099638 0.932903 1.064656 1.114657
3 6 2 22 none left 1 up left NaN 0.099638 1.232833 1.364664 1.414599
3 6 2 23 outer left 1 up right NaN 0.099638 1.199586 1.331325 1.381386
3 6 2 24 outer right 1 left up NaN 0.099638 0.898323 1.030083 1.080115
3 6 2 25 none right 1 left left NaN 0.099638 1.016185 1.147937 1.197856
3 6 2 26 none left 1 right right NaN 0.099638 0.966278 1.081422 1.131395
3 6 2 27 inner right 1 left down NaN 0.099638 0.866181 0.997879 1.047873
3 6 2 28 none right 1 up left NaN 0.099638 0.866289 0.998054 1.048064
3 6 2 29 inner right 1 left left NaN 0.099638 1.180938 1.312776 1.362760
3 6 2 30 both right 1 right right NaN 0.099638 1.197385 1.329216 1.379154
3 6 2 31 both right 1 up up NaN 0.099638 1.249568 1.381394 1.431331
3 6 2 32 none right 1 left right NaN 0.099638 1.266121 1.397849 1.447877
3 6 2 33 outer right 1 up left NaN 0.099638 1.066213 1.197974 1.247979
3 6 2 34 none left 1 left left NaN 0.099638 1.148697 1.280315 1.330382
3 6 2 35 inner left 0 left up NaN 0.099638 0.782964 0.914729 0.964709
3 6 2 36 outer left 1 right down NaN 0.099638 1.148792 1.280507 1.330499
3 6 2 37 none left 1 up up NaN 0.099638 0.949542 1.081294 1.131362
3 6 2 38 outer right 1 up up NaN 0.099638 0.899660 1.031357 1.081354
3 6 2 39 both left 1 right left NaN 0.099638 1.066179 1.197905 1.247899
3 6 2 40 inner right 1 left right NaN 0.099638 0.933034 1.064709 1.114647
3 7 1 1 inner left 1 up left 0.199671 0.099638 1.016120 1.147955 1.197947
3 7 1 2 none right 1 down down 0.232958 0.099671 1.099619 1.231403 1.281338
3 7 1 3 none right 1 up left 0.249666 0.116315 0.911986 1.060415 1.110487
3 7 1 4 inner right 1 right right 0.191419 0.132958 1.049552 1.214549 1.264551
3 7 1 5 outer left 1 left up 0.216175 0.116315 1.079924 1.228317 1.278253
3 7 1 6 outer left 1 up up 0.181769 0.116175 1.249574 1.381316 1.431321
3 7 1 7 inner right 1 down up 0.266346 0.107923 1.049556 1.181396 1.231319
3 7 1 8 inner left 1 up up 0.181747 0.116175 1.083015 1.214722 1.264726
3 7 1 9 inner right 1 down right 0.216217 0.107923 1.132962 1.264663 1.314669
3 7 1 10 outer right 1 left left 0.266323 0.116175 0.849343 0.981210 1.031146
3 7 1 11 outer right NaN NaN up NaN 0.116196 0.916707 1.048469 1.098531
3 7 1 12 both right NaN NaN up NaN 0.116196 0.962258 1.094089 1.144071
3 7 1 13 inner right 1 up left 0.216158 0.116196 0.966313 1.098035 1.148081
3 7 1 14 both left 1 right right 0.199726 0.116175 1.016181 1.147972 1.198065
3 7 1 15 outer left 1 up down 0.216304 0.116166 1.032932 1.164731 1.214732
3 7 1 16 none right 1 down down 0.232916 0.116175 1.016263 1.147975 1.197982
3 7 1 17 none right NaN NaN up NaN 0.116196 0.882848 1.014703 1.064637
3 7 1 18 none left 1 down right 0.158395 0.116196 1.066108 1.197957 1.247977
3 7 1 19 both left 1 up left 0.216270 0.116175 0.866221 0.998051 1.047990
3 7 1 20 none left 1 left left 0.181813 0.116196 1.232941 1.364812 1.414741
3 7 1 21 both left 1 up up 0.199653 0.116175 1.016227 1.148059 1.197981
3 7 1 22 none left 1 up up 0.216165 0.116166 0.983009 1.114729 1.164682
3 7 1 23 outer right NaN NaN up NaN 0.116165 0.882978 1.014726 1.064731
3 7 1 24 both left 1 up right 0.198384 0.116165 0.932813 1.081164 1.131173
3 7 1 25 both left 0 up right 0.449606 0.116161 0.832781 0.964483 1.014543
3 7 1 26 none right NaN NaN left NaN 0.116165 1.095230 1.227034 1.277034
3 7 1 27 outer right 1 up down 0.316170 0.116165 0.799638 0.931309 0.981325
3 7 1 28 inner right 1 down left 0.199536 0.116170 1.033381 1.165083 1.215082
3 7 1 29 both right 1 up up 0.199678 0.116165 1.082395 1.214165 1.264163
3 7 1 30 outer right 1 left down 0.266355 0.116161 0.882893 1.014727 1.064726
3 7 1 31 inner left 1 right right 0.181803 0.116165 1.166219 1.297969 1.347985
3 7 1 32 outer right 1 down up 0.199637 0.116161 1.000115 1.131851 1.181915
3 7 1 33 inner right 1 right right 0.216295 0.116158 0.966226 1.097944 1.148027
3 7 1 34 none right 1 up left 0.216328 0.116161 0.766107 0.897841 0.947921
3 7 1 35 both left 1 left up 0.181792 0.116165 1.149600 1.281382 1.331391
3 7 1 36 both right 1 down left 0.216248 0.116161 1.166173 1.297929 1.347967
3 7 1 37 outer left 1 left left 0.216297 0.116165 0.882847 1.014624 1.064631
3 7 1 38 inner left 1 right right 0.199662 0.116170 0.982913 1.114732 1.164735
3 7 1 39 none right 1 left down 0.216435 0.116165 0.849586 0.981331 1.031322
3 7 1 40 both right 1 down right 0.266336 0.116170 1.249569 1.381322 1.431399
3 8 2 1 inner left 1 left right NaN 0.116175 0.982781 1.114606 1.164592
3 8 2 2 inner right 1 up right NaN 0.116175 0.866306 1.014678 1.064725
3 8 2 3 inner left 1 right right NaN 0.116175 0.882494 1.014252 1.064315
3 8 2 4 none right 1 right down NaN 0.116175 0.899563 1.031362 1.081376
3 8 2 5 both right 1 right left NaN 0.116175 1.050407 1.182257 1.232257
3 8 2 6 outer left 0 right down NaN 0.116175 0.833516 0.965359 1.015308
3 8 2 7 none left 1 right down NaN 0.116175 1.099581 1.231344 1.281339
3 8 2 8 inner left 1 right up NaN 0.116175 1.099536 1.231298 1.281366
3 8 2 9 inner right 1 left right NaN 0.116175 0.816601 0.948354 0.998356
3 8 2 10 both left 1 right up NaN 0.116175 1.216095 1.347836 1.397896
3 8 2 11 none right 1 left left NaN 0.116175 0.932913 1.064677 1.114621
3 8 2 12 none left 1 right left NaN 0.116175 1.066162 1.197929 1.247942
3 8 2 13 inner left 1 right down NaN 0.116175 1.216225 1.348045 1.397987
3 8 2 14 none left 0 right right NaN 0.116175 0.914508 1.062943 1.112933
3 8 2 15 both right 1 left down NaN 0.116175 1.182920 1.314699 1.364692
3 8 2 16 both left 1 right down NaN 0.116175 0.932985 1.081340 1.131394
3 8 2 17 inner left NaN NaN down NaN 0.116175 0.913216 1.044971 1.094900
3 8 2 18 outer right 1 left left NaN 0.116175 1.066229 1.198062 1.248081
3 8 2 19 outer right 1 right down NaN 0.116175 0.982960 1.114630 1.164725
3 8 2 20 inner right 1 left left NaN 0.116175 1.215968 1.347717 1.397670
3 8 2 21 none left 1 right up NaN 0.116175 0.982771 1.114602 1.164566
3 8 2 22 both left 1 right left NaN 0.116175 0.798413 0.930162 0.980151
3 8 2 23 none right 1 up up NaN 0.116175 0.966268 1.098184 1.148070
3 8 2 24 none left 1 right down NaN 0.116175 0.899573 1.031380 1.081325
3 8 2 25 both left 1 right right NaN 0.116175 0.765490 0.897336 0.947390
3 8 2 26 both right 1 left right NaN 0.116175 1.182821 1.314562 1.364628
3 8 2 27 inner left 1 left left NaN 0.116175 1.049482 1.181231 1.231229
3 8 2 28 outer left 1 right right NaN 0.116175 1.099566 1.231374 1.281381
3 8 2 29 outer left 1 right right NaN 0.116175 1.066178 1.197925 1.247997
3 8 2 30 outer right 1 left up NaN 0.116175 1.015397 1.147275 1.197159
3 8 2 31 none right 1 left left NaN 0.116175 1.166163 1.297944 1.347875
3 8 2 32 both right 1 left down NaN 0.116175 1.049530 1.181328 1.231394
3 8 2 33 both left 1 left right NaN 0.116175 1.196635 1.328411 1.378411
3 8 2 34 outer left 0 right up NaN 0.116175 0.797981 0.929729 0.979736
3 8 2 35 inner left 1 up left NaN 0.116175 1.249625 1.397890 1.447885
3 8 2 36 outer right 1 left right NaN 0.116175 1.098176 1.229917 1.279920
3 8 2 37 outer right 1 up down NaN 0.116175 0.767026 0.898782 0.948727
3 8 2 38 outer left 1 left down NaN 0.116175 0.980502 1.112126 1.162197
3 8 2 39 both right 1 down right NaN 0.116175 0.916310 1.048073 1.098057
3 8 2 40 none right 1 left left NaN 0.116175 1.045494 1.177114 1.227103
3 9 1 1 both left NaN NaN up NaN 0.116175 NaN 0.000000 0.000000
3 9 1 2 inner left NaN NaN up NaN 0.116175 0.781521 0.913285 0.963221
3 9 1 3 inner left 1 up left 0.199744 0.116175 1.095996 1.227760 1.277817
3 9 1 4 both right NaN NaN right NaN 0.099744 1.082731 1.214529 1.264533
3 9 1 5 both left 1 up down 0.216365 0.099744 0.778295 0.910030 0.960094
3 9 1 6 inner right 1 down left 0.216210 0.108055 1.099500 1.231196 1.281189
3 9 1 7 outer left 1 up down 0.199500 0.116210 0.849567 0.981301 1.031224
3 9 1 8 outer right 1 down right 0.232937 0.107977 0.964332 1.096027 1.146018
3 9 1 9 none left NaN NaN up NaN 0.116210 1.216243 1.364651 1.414591
3 9 1 10 none left NaN NaN left NaN 0.116210 0.949445 1.081208 1.131140
3 9 1 11 inner right 1 down down 0.232930 0.116210 1.216152 1.347905 1.397914
3 9 1 12 none right NaN NaN right NaN 0.116288 1.116155 1.247977 1.297979
3 9 1 13 both left 1 right down 0.199663 0.116288 1.082913 1.214740 1.264745
3 9 1 14 both right 1 down down 0.232804 0.116210 1.032872 1.164583 1.214632
3 9 1 15 none left NaN NaN up NaN 0.116288 1.249408 1.397852 1.447953
3 9 1 16 outer right 1 up up 0.216225 0.116288 1.033543 1.181917 1.231909
3 9 1 17 none right NaN NaN left NaN 0.116225 0.849599 0.997999 1.048001
3 9 1 18 inner left 1 up right 0.199536 0.116225 0.966303 1.098063 1.147996
3 9 1 19 both left 1 left up 0.232946 0.116218 0.981426 1.113187 1.163190
3 9 1 20 outer right NaN NaN left NaN 0.116225 0.799654 0.931393 0.981393
3 9 1 21 both left 1 up down 0.164929 0.116225 1.166293 1.298057 1.348055
3 9 1 22 inner left NaN NaN down NaN 0.116218 0.812036 0.960455 1.010468
3 9 1 23 both right 1 down down 0.216288 0.116218 1.149610 1.298042 1.347969
3 9 1 24 none left NaN NaN left NaN 0.116225 NaN 0.000000 0.000000
3 9 1 25 inner right 1 down up 0.199664 0.116225 0.882819 1.014644 1.064646
3 9 1 26 outer right 1 up up 0.216257 0.116218 0.882891 1.014666 1.064657
3 9 1 27 inner right 1 up right 0.199589 0.116225 1.250394 1.382059 1.432146
3 9 1 28 inner left 1 left left 0.181846 0.116218 0.882949 1.014736 1.064746
3 9 1 29 outer left 1 down right 0.299661 0.116210 0.899581 1.031346 1.081426
3 9 1 30 outer right 1 left left 0.232955 0.116218 1.066256 1.214633 1.264634
3 9 1 31 outer right 1 down left 0.233028 0.116225 1.130955 1.262799 1.312722
3 9 1 32 none left 1 up right 0.199689 0.116241 0.866024 0.997810 1.047879
3 9 1 33 outer right NaN NaN up NaN 0.116225 0.995241 1.127061 1.177060
3 9 1 34 both right 1 down up 0.233054 0.116225 1.116239 1.264634 1.314715
3 9 1 35 none right 1 left up 0.216289 0.116241 1.099668 1.248060 1.297992
3 9 1 36 inner right 1 up up 0.249573 0.116257 1.149432 1.297822 1.347898
3 9 1 37 none right 1 down down 0.266324 0.116273 0.782912 0.914726 0.964651
3 9 1 38 outer left 1 left left 0.198433 0.116288 1.098482 1.246825 1.296891
3 9 1 39 none left NaN NaN down NaN 0.116273 1.116588 1.265037 1.315078
3 9 1 40 both left 1 left down 0.199680 0.116273 0.932892 1.064657 1.114720
3 10 2 1 none left NaN NaN up NaN 0.116257 NaN 0.000000 0.000000
3 10 2 2 both right 1 left left NaN 0.116257 0.766140 0.914621 0.964630
3 10 2 3 both left 1 right up NaN 0.116257 1.183011 1.331393 1.381402
3 10 2 4 outer right 1 down up NaN 0.116257 1.132829 1.281244 1.331242
3 10 2 5 inner right 1 up up NaN 0.116257 0.844864 0.993269 1.043267
3 10 2 6 outer right 1 left left NaN 0.116257 0.966312 1.098073 1.148075
3 10 2 7 both left 1 right up NaN 0.116257 0.882999 1.031449 1.081342
3 10 2 8 outer right 1 down left NaN 0.116257 0.766237 0.898052 0.948055
3 10 2 9 both right 1 left down NaN 0.116257 1.082897 1.214711 1.264722
3 10 2 10 none left 0 up up NaN 0.116257 0.766866 0.915295 0.965288
3 10 2 11 outer right 1 left down NaN 0.116257 1.249460 1.397882 1.447892
3 10 2 12 outer left 1 right right NaN 0.116257 0.916200 1.064601 1.114679
3 10 2 13 inner left 1 right left NaN 0.116257 0.766292 0.914655 0.964730
3 10 2 14 outer right 1 left up NaN 0.116257 0.900069 1.048492 1.098505
3 10 2 15 outer right 1 up up NaN 0.116257 1.196454 1.328305 1.378297
3 10 2 16 none left 1 right right NaN 0.116257 0.816209 0.964662 1.014657
3 10 2 17 outer right 1 up up NaN 0.116257 1.099518 1.247950 1.297962
3 10 2 18 none right 1 right right NaN 0.116257 0.779469 0.911251 0.961328
3 10 2 19 none left 1 up up NaN 0.116257 1.082907 1.214782 1.264656
3 10 2 20 none left 1 right down NaN 0.116257 1.182971 1.331323 1.381396
3 10 2 21 none left 1 right down NaN 0.116257 1.166198 1.314571 1.364588
3 10 2 22 both left 1 right right NaN 0.116257 1.232753 1.364577 1.414580
3 10 2 23 both right 1 down up NaN 0.116257 1.199676 1.348010 1.397994
3 10 2 24 outer left 1 right down NaN 0.116257 0.932967 1.081396 1.131346
3 10 2 25 inner left 1 right down NaN 0.116257 1.166213 1.314566 1.364579
3 10 2 26 inner left 1 right right NaN 0.116257 1.199443 1.347858 1.397869
3 10 2 27 inner right NaN NaN left NaN 0.116257 0.929011 1.077356 1.127340
3 10 2 28 inner left 1 right up NaN 0.116257 0.882818 1.031171 1.081169
3 10 2 29 inner right 1 left left NaN 0.116257 0.945784 1.094213 1.144144
3 10 2 30 inner right 1 up up NaN 0.116257 1.182903 1.331383 1.381448
3 10 2 31 inner left 1 right right NaN 0.116257 1.132827 1.281241 1.331265
3 10 2 32 both left 1 right up NaN 0.116257 1.082888 1.214558 1.264565
3 10 2 33 inner left 1 up up NaN 0.116257 0.816234 0.964650 1.014659
3 10 2 34 both right 1 left down NaN 0.116257 0.899484 1.047908 1.097967
3 10 2 35 outer right 1 up left NaN 0.116257 0.766154 0.914595 0.964574
3 10 2 36 none right 1 up up NaN 0.116257 0.766270 0.914722 0.964687
3 10 2 37 none left 1 up up NaN 0.116257 1.249623 1.397984 1.447983
3 10 2 38 both right 1 up left NaN 0.116257 1.049575 1.197986 1.247989
3 10 2 39 both left 1 right left NaN 0.116257 0.849600 0.998012 1.047952
3 10 2 40 none left 1 left left NaN 0.116257 1.032796 1.181263 1.231242
3 11 1 1 outer right 1 down left 0.232939 0.116257 0.916280 1.048038 1.098039
3 11 1 2 none right NaN NaN down NaN 0.132939 1.032995 1.198093 1.248095
3 11 1 3 both right 1 up right 0.232941 0.132939 0.782852 0.947863 0.997946
3 11 1 4 none left 1 up down 0.216317 0.132940 0.982884 1.131354 1.181375
3 11 1 5 none left 1 down right 0.199273 0.132939 0.966389 1.131318 1.181416
3 11 1 6 none right 1 left up 0.216268 0.124628 0.945778 1.094121 1.144121
3 11 1 7 outer right 1 left up 0.216295 0.116317 1.083165 1.231602 1.281597
3 11 1 8 none right NaN NaN up NaN 0.116306 NaN 0.000000 0.000000
3 11 1 9 outer left NaN NaN left NaN 0.116306 0.983035 1.114880 1.164921
3 11 1 10 both left 1 right down 0.216257 0.116306 0.782831 0.931260 0.981240
3 11 1 11 outer right 1 left up 0.232989 0.116295 0.899596 1.047996 1.098008
3 11 1 12 none left NaN NaN down NaN 0.116306 1.198754 1.347234 1.397167
3 11 1 13 both right 1 down right 0.198462 0.116306 1.099616 1.247969 1.298045
3 11 1 14 inner right 1 left up 0.216411 0.116295 1.032738 1.164561 1.214555
3 11 1 15 outer left 1 right up 0.181820 0.116306 1.066212 1.198065 1.247984
3 11 1 16 none right 1 right right 0.216103 0.116295 1.116316 1.264725 1.314656
3 11 1 17 inner left 1 right left 0.216362 0.116282 0.816114 0.947953 0.997955
3 11 1 18 none left 1 down up 0.180372 0.116295 1.166349 1.314786 1.364788
3 11 1 19 inner right 1 left up 0.216292 0.116282 1.182869 1.331325 1.381340
3 11 1 20 both left NaN NaN right NaN 0.116292 1.199650 1.348043 1.397982
3 11 1 21 both left 1 down down 0.198523 0.116292 0.849558 0.997992 1.048055
3 11 1 22 inner left 1 down down 0.177546 0.116280 1.216292 1.364652 1.414655
3 11 1 23 inner left 0 up right 0.176111 0.116268 0.962164 1.110614 1.160613
3 11 1 24 outer left 1 left right 0.180234 0.116263 1.132961 1.281400 1.331336
3 11 1 25 inner right 1 down left 0.216231 0.116257 1.082883 1.231309 1.281317
3 11 1 26 outer left 1 up left 0.198526 0.116244 1.199629 1.347994 1.398111
3 11 1 27 inner left 1 down down 0.233029 0.116231 0.866186 0.998054 1.047985
3 11 1 28 outer left NaN NaN up NaN 0.116244 NaN 0.000000 0.000000
3 11 1 29 none right 1 down down 0.182858 0.116244 0.882952 1.031448 1.081347
3 11 1 30 both right NaN NaN up NaN 0.116231 NaN 0.000000 0.000000
3 11 1 31 both left NaN NaN down NaN 0.116231 NaN 0.000000 0.000000
3 11 1 32 both left 1 down left 0.198463 0.116231 0.916318 1.064692 1.114775
3 11 1 33 inner left 1 left down 0.216250 0.116167 1.049459 1.181164 1.231176
3 11 1 34 outer right 1 up up 0.099589 0.116231 0.894903 1.026667 1.076666
3 11 1 35 inner right 1 down down 0.249613 0.116167 1.066124 1.214487 1.264502
3 11 1 36 outer left NaN NaN down NaN 0.116231 NaN 0.000000 0.000000
3 11 1 37 both right NaN NaN left NaN 0.116231 0.979679 1.111507 1.161521
3 11 1 38 both left 1 down up 0.199658 0.116231 1.149568 1.281395 1.331390
3 11 1 39 none right 1 left right 0.199640 0.116167 0.949566 1.081396 1.131393
3 11 1 40 inner right 1 up left 0.216274 0.116103 1.215825 1.347580 1.397581
3 12 2 1 inner right 1 down right NaN 0.116167 1.049562 1.181314 1.231308
3 12 2 2 outer left 1 up left NaN 0.116167 1.082844 1.214595 1.264708
3 12 2 3 inner left 1 up down NaN 0.116167 1.032859 1.164636 1.214619
3 12 2 4 both right 1 left down NaN 0.116167 1.228713 1.377075 1.427194
3 12 2 5 outer left 1 right right NaN 0.116167 1.249462 1.381219 1.431299
3 12 2 6 outer left 1 right down NaN 0.116167 0.895502 1.027390 1.077301
3 12 2 7 inner right 1 up down NaN 0.116167 1.166227 1.297977 1.347974
3 12 2 8 none right 1 left right NaN 0.116167 1.000226 1.132081 1.182093
3 12 2 9 none left 1 up left NaN 0.116167 1.082832 1.214609 1.264591
3 12 2 10 none right 1 left left NaN 0.116167 0.849543 0.981321 1.031310
3 12 2 11 outer left 1 up up NaN 0.116167 0.848380 0.980142 1.030075
3 12 2 12 both right 1 up right NaN 0.116167 0.899578 1.031277 1.081362
3 12 2 13 outer right 1 left left NaN 0.116167 0.949628 1.081376 1.131426
3 12 2 14 inner left 1 up up NaN 0.116167 0.883529 1.015267 1.065384
3 12 2 15 outer left 1 up down NaN 0.116167 1.166248 1.298067 1.348060
3 12 2 16 inner right 1 left down NaN 0.116167 1.131057 1.262760 1.312763
3 12 2 17 inner left 1 up up NaN 0.116167 0.782856 0.931196 0.981263
3 12 2 18 inner right 1 left left NaN 0.116167 1.032717 1.164539 1.214479
3 12 2 19 inner left 1 up down NaN 0.116167 1.016268 1.148031 1.198050
3 12 2 20 none left 1 up up NaN 0.116167 1.082850 1.214583 1.264579
3 12 2 21 none right 1 up right NaN 0.116167 1.116087 1.247850 1.297846
3 12 2 22 both right 1 left down NaN 0.116167 1.228269 1.359978 1.410064
3 12 2 23 none left 1 up up NaN 0.116167 0.766282 0.898061 0.948061
3 12 2 24 both right 1 left up NaN 0.116167 0.798737 0.930507 0.980504
3 12 2 25 both right 1 up up NaN 0.116167 1.016806 1.148572 1.198584
3 12 2 26 outer left 1 right right NaN 0.116167 0.811503 0.943228 0.993235
3 12 2 27 outer left 1 left left NaN 0.116167 0.899432 1.031250 1.081178
3 12 2 28 inner left 1 up left NaN 0.116167 1.033568 1.165324 1.215359
3 12 2 29 both right 1 left up NaN 0.116167 1.095931 1.244383 1.294346
3 12 2 30 none left 1 down down NaN 0.116167 1.116297 1.248055 1.297994
3 12 2 31 both right 1 left right NaN 0.116167 1.216243 1.364576 1.414507
3 12 2 32 inner right 1 down right NaN 0.116167 0.966114 1.097841 1.147930
3 12 2 33 both right 1 right left NaN 0.116167 0.995303 1.127086 1.177082
3 12 2 34 none right 1 left down NaN 0.116167 1.246356 1.378143 1.428128
3 12 2 35 both right 1 left left NaN 0.116167 0.832789 0.964619 1.014536
3 12 2 36 both right 1 down right NaN 0.116167 0.848298 0.980057 1.030062
3 12 2 37 none left 0 down down NaN 0.116167 1.066098 1.197862 1.247849
3 12 2 38 none left 1 down down NaN 0.116167 0.982894 1.114618 1.164618
3 12 2 39 outer left 1 up up NaN 0.116167 1.116293 1.247960 1.298041
3 12 2 40 outer left 1 right right NaN 0.116167 1.149597 1.281408 1.331339
3 13 1 1 outer right 1 down down 0.198328 0.116167 1.095010 1.243261 1.293300
3 13 1 2 none left 1 up right 0.182866 0.098328 0.915082 1.030103 1.080110
3 13 1 3 both right 1 down right 0.199758 0.090597 1.016214 1.131323 1.181386
3 13 1 4 inner right 1 up up 0.199538 0.098328 1.166224 1.281312 1.331311
3 13 1 5 inner right 1 down right 0.199651 0.098933 1.066244 1.181386 1.231420
3 13 1 6 inner right NaN NaN down NaN 0.099538 0.799579 0.914698 0.964752
3 13 1 7 outer left 1 up up 0.199554 0.099538 0.834016 0.965612 1.015683
3 13 1 8 none right 1 up up 0.216310 0.099546 1.216307 1.331316 1.381398
3 13 1 9 none right 1 down right 0.232854 0.099554 0.949539 1.081257 1.131288
3 13 1 10 both right 1 right up 0.199570 0.099603 0.932992 1.064758 1.114772
3 13 1 11 both left 1 up up 0.199733 0.099570 1.082934 1.198059 1.248054
3 13 1 12 outer right 1 down left 0.181739 0.099611 1.166311 1.298055 1.348001
3 13 1 13 none left 1 left right 0.183004 0.099570 1.249396 1.364570 1.414548
3 13 1 14 inner right 1 down up 0.232902 0.099562 1.032851 1.164597 1.214603
3 13 1 15 none right 1 up up 0.232954 0.099570 0.782954 0.914739 0.964739
3 13 1 16 inner right NaN NaN up NaN 0.099611 0.966360 1.097987 1.147989
3 13 1 17 both right 1 down right 0.183011 0.099611 0.948966 1.064114 1.114122
3 13 1 18 outer right NaN NaN left NaN 0.099570 NaN 0.000000 0.000000
3 13 1 19 none right 1 right right 0.216410 0.099570 1.232741 1.364501 1.414567
3 13 1 20 both right 1 right left 0.216249 0.099611 1.249574 1.364734 1.414733
3 13 1 21 outer left 1 left right 0.199652 0.099651 0.945889 1.061077 1.111011
3 13 1 22 outer left 1 left left 0.216281 0.099652 1.232974 1.364722 1.414720
3 13 1 23 both right 1 up down 0.249666 0.099652 1.079009 1.194221 1.244206
3 13 1 24 inner right 1 right left 0.282940 0.099693 0.882804 1.014555 1.064555
3 13 1 25 both right 1 left left 0.399602 0.099733 0.816336 0.948134 0.998114
3 13 1 26 outer right 1 down left 0.216107 0.099745 0.799608 0.931199 0.981193
3 13 1 27 inner left 1 left right 0.199630 0.099758 0.812243 0.944022 0.994084
3 13 1 28 inner left NaN NaN down NaN 0.099745 0.983217 1.115041 1.164964
3 13 1 29 inner left 1 up up 0.266145 0.099745 0.949545 1.081209 1.131204
3 13 1 30 both right 1 right up 0.164941 0.099758 1.146212 1.277952 1.327987
3 13 1 31 inner left 1 left right 0.466196 0.099745 1.128080 1.259894 1.309841
3 13 1 32 outer right NaN NaN down NaN 0.099758 0.816298 0.947957 0.998018
3 13 1 33 both left 1 left left 0.199577 0.099758 0.816298 0.948053 0.998046
3 13 1 34 both right 1 right right 0.216165 0.099745 0.832940 0.964671 1.014690
3 13 1 35 none right 1 down right 0.249589 0.099758 0.765818 0.897498 0.947582
3 13 1 36 outer right 1 left up 0.216343 0.107932 1.249455 1.381364 1.431278
3 13 1 37 none left 1 up up 0.181726 0.116107 1.116208 1.247916 1.297905
3 13 1 38 outer left 1 left up 0.181853 0.107932 1.016292 1.148033 1.198109
3 13 1 39 none left 1 up down 0.199549 0.099758 0.845133 0.976835 1.026832
3 13 1 40 none right 1 left up 0.216319 0.099745 1.199108 1.314229 1.364233
3 14 2 1 outer left 1 left left NaN 0.099758 1.082942 1.214642 1.264717
3 14 2 2 both right 1 up down NaN 0.099758 1.099560 1.231379 1.281296
3 14 2 3 inner right 1 left up NaN 0.099758 0.979735 1.111589 1.161519
3 14 2 4 both left 1 down down NaN 0.099758 1.099598 1.231335 1.281322
3 14 2 5 both left NaN NaN up NaN 0.099758 NaN 0.000000 0.000000
3 14 2 6 inner left 1 left left NaN 0.099758 1.216189 1.347985 1.397992
3 14 2 7 inner left 1 right left NaN 0.099758 1.149581 1.281401 1.331406
3 14 2 8 both left 1 up up NaN 0.099758 0.766177 0.897945 0.947927
3 14 2 9 inner left 1 right down NaN 0.099758 1.096690 1.228474 1.278553
3 14 2 10 both right NaN NaN left NaN 0.099758 NaN 0.000000 0.000000
3 14 2 11 outer left 1 right up NaN 0.099758 0.832986 0.964659 1.014668
3 14 2 12 outer left 1 up right NaN 0.099758 0.966094 1.097868 1.147946
3 14 2 13 none right 1 left left NaN 0.099758 0.849517 0.981394 1.031267
3 14 2 14 inner right 1 up down NaN 0.099758 1.166165 1.297850 1.347916
3 14 2 15 both left 1 right left NaN 0.099758 1.066332 1.197981 1.248045
3 14 2 16 both left 1 right right NaN 0.099758 0.982845 1.114691 1.164687
3 14 2 17 both left 1 right up NaN 0.099758 1.216321 1.348055 1.398068
3 14 2 18 outer left 1 right up NaN 0.099758 0.849630 0.981404 1.031304
3 14 2 19 none right 1 left left NaN 0.099758 1.249653 1.381430 1.431330
3 14 2 20 none right 1 left left NaN 0.099758 1.232834 1.364690 1.414703
3 14 2 21 both right 1 left right NaN 0.099758 1.233018 1.364726 1.414667
3 14 2 22 outer right 1 left down NaN 0.099758 1.082525 1.214311 1.264298
3 14 2 23 none left 1 right right NaN 0.099758 1.216159 1.347925 1.397989
3 14 2 24 outer left 1 up left NaN 0.099758 1.166081 1.297916 1.347916
3 14 2 25 inner left 1 right up NaN 0.099758 0.861472 0.993223 1.043233
3 14 2 26 inner left 1 right down NaN 0.099758 1.149559 1.281386 1.331390
3 14 2 27 outer right 1 left up NaN 0.099758 1.149540 1.281272 1.331276
3 14 2 28 none right 1 left down NaN 0.099758 1.249457 1.381275 1.431212
3 14 2 29 outer right 1 down right NaN 0.099758 0.878185 1.010024 1.060032
3 14 2 30 outer right 1 left down NaN 0.099758 1.216300 1.348002 1.397990
3 14 2 31 none right 1 down right NaN 0.099758 1.016099 1.147956 1.197936
3 14 2 32 inner left NaN NaN right NaN 0.099758 NaN 0.000000 0.000000
3 14 2 33 inner right 1 left down NaN 0.099758 0.795446 0.910602 0.960674
3 14 2 34 none right 1 left down NaN 0.099758 1.197451 1.329214 1.379258
3 14 2 35 none right 1 up right NaN 0.099758 0.999570 1.131395 1.181393
3 14 2 36 none right 1 down right NaN 0.099758 1.032606 1.164324 1.214332
3 14 2 37 inner right 1 left left NaN 0.099758 0.847814 0.979698 1.029679
3 14 2 38 none right 1 down right NaN 0.099758 1.232811 1.364512 1.414516
3 14 2 39 outer right 1 left right NaN 0.099758 1.249623 1.381381 1.431385
3 14 2 40 both right 1 up down NaN 0.099758 1.082822 1.214567 1.264566
3 15 1 1 inner left 1 left up 0.181739 0.099758 1.149690 1.281327 1.331390
3 15 1 2 outer left 1 right right 0.216293 0.081739 0.933542 1.031975 1.081976
3 15 1 3 outer right 1 down right 0.216301 0.099016 1.115449 1.230572 1.280576
3 15 1 4 inner right 1 up left 0.232886 0.116293 1.049652 1.197982 1.247978
3 15 1 5 none right 1 left left 0.266236 0.116297 0.982906 1.114723 1.164648
3 15 1 6 none left 1 down down 0.283015 0.116301 0.982757 1.131258 1.181253
3 15 1 7 both right 1 left left 0.249521 0.124594 0.949623 1.098026 1.148029
3 15 1 8 none left NaN NaN up NaN 0.132886 NaN 0.000000 0.000000
3 15 1 9 both left 1 down right 0.180867 0.132886 1.232932 1.397987 1.448003
3 15 1 10 none right NaN NaN right NaN 0.124594 0.982861 1.131348 1.181407
3 15 1 11 none right 1 down left 0.216308 0.124594 0.916149 1.064497 1.114562
3 15 1 12 none right 1 left down 0.249575 0.116308 0.866227 1.014640 1.064586
3 15 1 13 outer left 1 down down 0.216376 0.124597 0.899530 1.048043 1.098079
3 15 1 14 outer left NaN NaN right NaN 0.116376 0.999647 1.148047 1.198045
3 15 1 15 both left 1 left up 0.198410 0.116376 0.899515 1.047900 1.097909
3 15 1 16 inner right 1 down down 0.232990 0.116342 0.982872 1.131289 1.181294
3 15 1 17 outer left 1 down left 0.182794 0.116376 0.916292 1.064708 1.114717
3 15 1 18 both left 1 left left 0.198519 0.116342 1.032874 1.181351 1.231362
3 15 1 19 inner left 1 down up 0.216287 0.116308 1.149603 1.298007 1.348069
3 15 1 20 inner left 1 left down 0.232989 0.116305 0.832953 0.981417 1.031458
3 15 1 21 outer left 1 up down 0.199693 0.116308 1.249327 1.381183 1.431180
3 15 1 22 both right 1 down right 0.232974 0.116305 0.932946 1.081337 1.131402
3 15 1 23 none left 1 left left 0.198503 0.116308 0.899608 1.048053 1.098062
3 15 1 24 both left 1 right up 0.181523 0.116305 0.899967 1.048427 1.098399
3 15 1 25 inner right 1 left down 0.198526 0.116301 0.966253 1.114722 1.164727
3 15 1 26 outer left 1 up left 0.199717 0.116297 0.982864 1.114738 1.164725
3 15 1 27 none left 1 left up 0.198358 0.116293 1.032309 1.180722 1.230631
3 15 1 28 outer left 1 up up 0.177528 0.116290 1.233086 1.381416 1.431422
3 15 1 29 inner right 1 up left 0.216272 0.116287 0.932909 1.081376 1.131302
3 15 1 30 both right 1 right right 0.170964 0.116280 1.182931 1.331380 1.381326
3 15 1 31 both right 1 down down 0.232874 0.116272 1.066271 1.214688 1.264624
3 15 1 32 inner right 1 left right 0.216342 0.116280 0.966217 1.114708 1.164715
3 15 1 33 inner left 1 down right 0.198422 0.116287 1.099677 1.248064 1.298066
3 15 1 34 outer left 1 right left 0.249708 0.116280 0.832834 0.964694 1.014691
3 15 1 35 outer right 1 left right 0.199652 0.116287 1.199594 1.331407 1.381402
3 15 1 36 none right 1 right left 0.181859 0.116280 1.229509 1.361314 1.411321
3 15 1 37 both left 1 down left 0.170802 0.116272 1.249516 1.397900 1.447870
3 15 1 38 none right 1 down left 0.266258 0.107995 0.782926 0.914672 0.964715
3 15 1 39 inner left 1 left left 0.199662 0.116272 0.949575 1.081399 1.131395
3 15 1 40 both right 1 down left 0.216329 0.107995 0.982759 1.114577 1.164578
3 16 2 1 both right 1 up up NaN 0.116272 1.146690 1.278381 1.328458
3 16 2 2 both right 1 left left NaN 0.116272 1.182805 1.331155 1.381159
3 16 2 3 none left 1 up up NaN 0.116272 0.916165 1.064455 1.114430
3 16 2 4 outer left 1 up up NaN 0.116272 0.949447 1.097900 1.147845
3 16 2 5 outer left 1 right down NaN 0.116272 1.061832 1.193647 1.243648
3 16 2 6 inner left 1 up left NaN 0.116272 1.148029 1.296324 1.346321
3 16 2 7 inner left NaN NaN up NaN 0.116272 NaN 0.000000 0.000000
3 16 2 8 outer left 1 right right NaN 0.116272 1.132779 1.264567 1.314568
3 16 2 9 both left 1 right down NaN 0.116272 0.916142 1.047954 1.097959
3 16 2 10 both right 1 down left NaN 0.116272 1.098251 1.246773 1.296793
3 16 2 11 inner left 1 up up NaN 0.116272 0.782992 0.931390 0.981324
3 16 2 12 inner left 1 right right NaN 0.116272 1.233025 1.381317 1.431396
3 16 2 13 both left 1 right up NaN 0.116272 1.016279 1.164715 1.214783
3 16 2 14 outer right 1 up right NaN 0.116272 1.111696 1.260138 1.310128
3 16 2 15 none right NaN NaN left NaN 0.116272 0.816116 0.947934 0.997933
3 16 2 16 none left 1 down down NaN 0.116272 0.983257 1.115111 1.165121
3 16 2 17 outer right 1 left left NaN 0.116272 1.130418 1.278751 1.328893
3 16 2 18 both right 1 left up NaN 0.116272 0.799386 0.931222 0.981215
3 16 2 19 inner right 1 left down NaN 0.116272 0.795142 0.943538 0.993549
3 16 2 20 outer right 1 left down NaN 0.116272 1.081221 1.213026 1.263032
3 16 2 21 none right 1 down left NaN 0.116272 0.778532 0.926943 0.976880
3 16 2 22 inner right 1 left right NaN 0.116272 1.178746 1.327082 1.377148
3 16 2 23 none left 1 right right NaN 0.116272 1.029865 1.161681 1.211689
3 16 2 24 outer right 1 left right NaN 0.116272 1.216299 1.364656 1.414719
3 16 2 25 both right 1 left down NaN 0.116272 0.766311 0.914650 0.964725
3 16 2 26 none right 1 down right NaN 0.116272 0.878792 1.027233 1.077227
3 16 2 27 outer right 1 left left NaN 0.116272 0.832992 0.981341 1.031336
3 16 2 28 inner left 1 right down NaN 0.116272 0.961864 1.110200 1.160184
3 16 2 29 outer right 1 left down NaN 0.116272 1.099638 1.248101 1.298000
3 16 2 30 outer right 1 up up NaN 0.116272 0.816147 0.947901 0.997912
3 16 2 31 both right 1 left left NaN 0.116272 1.250411 1.382245 1.432244
3 16 2 32 inner right 1 left right NaN 0.116272 1.180878 1.329275 1.379329
3 16 2 33 none right 1 left left NaN 0.116272 1.245076 1.393567 1.443566
3 16 2 34 both left 1 down left NaN 0.116272 1.178345 1.326790 1.376791
3 16 2 35 inner right 1 up down NaN 0.116272 0.849619 0.998066 1.048054
3 16 2 36 inner right 1 left right NaN 0.116272 1.149608 1.298045 1.348048
3 16 2 37 none right 1 down right NaN 0.116272 0.916327 1.064651 1.114733
3 16 2 38 none right 1 left left NaN 0.116272 0.979789 1.128231 1.178282
3 16 2 39 both right 1 up right NaN 0.116272 0.949453 1.097887 1.147791
3 16 2 40 none left 1 right right NaN 0.116272 0.949558 1.081405 1.131482
3 17 1 1 inner left 1 right down 0.216169 0.116272 1.249501 1.381238 1.431239
3 17 1 2 outer right 1 up up 0.216184 0.116169 1.032829 1.181163 1.231179
3 17 1 3 none left 1 down right 0.216244 0.116177 1.228184 1.360005 1.409930
3 17 1 4 outer left 1 right down 0.181807 0.116184 0.999617 1.131396 1.181420
3 17 1 5 inner right 1 up left 0.299532 0.116177 1.083399 1.215148 1.265153
3 17 1 6 outer left 1 down right 0.216291 0.116184 1.216264 1.348054 1.398069
3 17 1 7 none right NaN NaN left NaN 0.116214 0.999558 1.131428 1.181402
3 17 1 8 both left 1 right down 0.182610 0.116214 1.166304 1.314637 1.364719
3 17 1 9 outer right 1 down down 0.232896 0.116184 1.216346 1.348066 1.398059
3 17 1 10 inner right 1 up up 0.299511 0.116214 0.816301 0.964705 1.014710
3 17 1 11 outer right 1 right right 0.199600 0.116244 1.149628 1.281320 1.331315
3 17 1 12 inner right NaN NaN right NaN 0.116214 1.166335 1.314726 1.364663
3 17 1 13 both left 1 right left 0.198394 0.116214 0.949667 1.098038 1.148034
3 17 1 14 none right 1 down right 0.232974 0.116184 0.882822 1.014550 1.064611
3 17 1 15 outer left 1 down down 0.181815 0.116214 1.232118 1.363865 1.413885
3 17 1 16 both right 1 left up 0.232868 0.116184 0.982920 1.114609 1.164690
3 17 1 17 inner left 1 up up 0.232889 0.116214 1.033014 1.181446 1.231407
3 17 1 18 inner left 1 left right 0.232880 0.116244 0.849478 0.981178 1.031173
3 17 1 19 outer left 1 up left 0.216341 0.116267 1.199544 1.331306 1.381376
3 17 1 20 both left 1 down up 0.181632 0.116291 0.962425 1.110921 1.160912
3 17 1 21 none left NaN NaN up NaN 0.116267 0.782937 0.931331 0.981337
3 17 1 22 inner right NaN NaN up NaN 0.116267 1.116180 1.264568 1.314645
3 17 1 23 outer left NaN NaN down NaN 0.116267 0.966074 1.097905 1.147910
3 17 1 24 inner left 1 up left 0.199525 0.116267 1.132993 1.264760 1.314681
3 17 1 25 inner right 1 down up 0.216209 0.116244 1.065281 1.196981 1.246976
3 17 1 26 none left NaN NaN left NaN 0.116227 1.182886 1.331219 1.381216
3 17 1 27 both left NaN NaN left NaN 0.116227 1.246568 1.378398 1.428417
3 17 1 28 both left NaN NaN left NaN 0.116227 1.216352 1.364778 1.414710
3 17 1 29 inner right 1 up up 0.249598 0.116227 1.116163 1.247913 1.297910
3 17 1 30 both left 1 up up 0.181817 0.116244 1.196656 1.328439 1.378444
3 17 1 31 none left 1 up up 0.216242 0.116227 1.199433 1.347864 1.397872
3 17 1 32 none right 1 down left 0.199590 0.116242 1.232870 1.364637 1.414662
3 17 1 33 both right 1 right left 0.232911 0.116226 1.249456 1.381249 1.431246
3 17 1 34 none left NaN NaN down NaN 0.116242 0.983699 1.115555 1.165473
3 17 1 35 both right NaN NaN down NaN 0.116242 0.866278 0.998067 1.048123
3 17 1 36 none right 1 down down 0.232934 0.116242 1.149619 1.298043 1.348046
3 17 1 37 outer left 1 up down 0.181798 0.116243 1.013848 1.145538 1.195604
3 17 1 38 outer right NaN NaN left NaN 0.116242 1.199604 1.331405 1.381407
3 17 1 39 both left 1 down left 0.316318 0.116242 0.766297 0.898058 0.948049
3 17 1 40 none left 1 left down 0.216337 0.116243 1.011768 1.143570 1.193572
3 18 2 1 both left 1 up down NaN 0.116244 1.113641 1.262075 1.311982
3 18 2 2 none left 1 left left NaN 0.116244 0.816216 0.964606 1.014680
3 18 2 3 none left 1 down down NaN 0.116244 1.199176 1.347523 1.397510
3 18 2 4 inner right 1 left left NaN 0.116244 1.199452 1.331245 1.381239
3 18 2 5 none left 1 up up NaN 0.116244 1.216326 1.364726 1.414724
3 18 2 6 inner right 1 left down NaN 0.116244 1.182903 1.331257 1.381255
3 18 2 7 outer right 1 down left NaN 0.116244 1.099631 1.247993 1.297983
3 18 2 8 none right 1 up down NaN 0.116244 1.063061 1.211506 1.261504
3 18 2 9 none right 1 left left NaN 0.116244 0.999541 1.147869 1.197960
3 18 2 10 none right 1 up up NaN 0.116244 0.832828 0.964597 1.014604
3 18 2 11 both left NaN NaN up NaN 0.116244 1.149442 1.297877 1.347881
3 18 2 12 outer right NaN NaN left NaN 0.116244 0.965021 1.113360 1.163463
3 18 2 13 outer left 1 left left NaN 0.116244 0.832743 0.981227 1.031231
3 18 2 14 none right 1 up right NaN 0.116244 0.945041 1.076815 1.126815
3 18 2 15 none right 1 up right NaN 0.116244 1.032957 1.181377 1.231378
3 18 2 16 inner right 1 up right NaN 0.116244 0.994950 1.143433 1.193442
3 18 2 17 both right 1 left right NaN 0.116244 0.882745 1.014594 1.064590
3 18 2 18 inner left 1 up left NaN 0.116244 1.232935 1.381288 1.431270
3 18 2 19 both right 1 left down NaN 0.116244 1.216377 1.364676 1.414739
3 18 2 20 outer right 1 up left NaN 0.116244 0.782880 0.931310 0.981363
3 18 2 21 both right 1 down right NaN 0.116244 1.149783 1.281586 1.331513
3 18 2 22 outer right 1 up up NaN 0.116244 0.966221 1.114616 1.164549
3 18 2 23 none left 1 right right NaN 0.116244 1.149539 1.297937 1.348001
3 18 2 24 outer right 1 up up NaN 0.116244 0.849693 0.998048 1.048046
3 18 2 25 both right 1 up right NaN 0.116244 1.166293 1.314737 1.364738
3 18 2 26 inner right 0 up up NaN 0.116244 1.032865 1.164682 1.214684
3 18 2 27 inner right 1 left right NaN 0.116244 0.982956 1.114708 1.164726
3 18 2 28 outer left 1 right down NaN 0.116244 0.982838 1.114707 1.164707
3 18 2 29 inner left 1 right up NaN 0.116244 1.064534 1.212949 1.262953
3 18 2 30 inner right 1 left left NaN 0.116244 1.216298 1.364664 1.414658
3 18 2 31 both left 1 right right NaN 0.116244 0.916237 1.048099 1.098094
3 18 2 32 both right 1 up up NaN 0.116244 0.766251 0.914614 0.964583
3 18 2 33 both left 1 right up NaN 0.116244 0.816146 0.947975 0.997899
3 18 2 34 inner left 1 right left NaN 0.116244 1.032792 1.181235 1.231170
3 18 2 35 none left 1 up up NaN 0.116244 1.199498 1.347904 1.397888
3 18 2 36 outer left 1 right left NaN 0.116244 0.797721 0.929537 0.979480
3 18 2 37 inner left 1 right down NaN 0.116244 0.999475 1.131233 1.181159
3 18 2 38 outer left 1 right up NaN 0.116244 1.116267 1.264712 1.314657
3 18 2 39 both right 1 left left NaN 0.116244 1.049953 1.198239 1.248265
3 18 2 40 outer right 1 left up NaN 0.116244 0.932857 1.081175 1.131174
3 19 1 1 outer right NaN NaN up NaN 0.116244 0.866107 0.997908 1.047915
3 19 1 2 none right NaN NaN up NaN 0.116244 1.099514 1.231227 1.281243
3 19 1 3 inner left NaN NaN up NaN 0.116244 1.012260 1.144091 1.194009
3 19 1 4 none left NaN NaN down NaN 0.116244 1.116148 1.247965 1.297893
3 19 1 5 none left 1 down down 0.198433 0.116244 1.182865 1.331238 1.381252
3 19 1 6 outer left 1 up down 0.199733 0.098433 1.149585 1.264727 1.314717
3 19 1 7 both left NaN NaN up NaN 0.099083 1.048711 1.163736 1.213738
3 19 1 8 both right 1 down right 0.199624 0.099083 1.066095 1.181276 1.231272
3 19 1 9 outer right NaN NaN down NaN 0.099624 0.961773 1.093551 1.143686
3 19 1 10 none left 1 left down 0.199732 0.099624 1.066030 1.197870 1.247824
3 19 1 11 both left 1 up down 0.282956 0.099678 0.781812 0.913594 0.963589
3 19 1 12 both right 1 left right 0.232967 0.099732 1.116164 1.247952 1.297951
3 19 1 13 none right 1 up up 0.232926 0.099732 1.249561 1.381242 1.431246
3 19 1 14 inner right NaN NaN left NaN 0.099733 0.866242 0.998032 1.048079
3 19 1 15 inner right 1 down left 0.249658 0.099733 1.233473 1.365285 1.415230
3 19 1 16 inner right 1 up up 0.299588 0.116329 0.846686 0.994999 1.045001
3 19 1 17 outer right NaN NaN down NaN 0.132926 0.966065 1.131164 1.181152
3 19 1 18 outer right NaN NaN right NaN 0.132926 0.932778 1.097867 1.147865
3 19 1 19 inner right NaN NaN left NaN 0.132926 1.112447 1.277527 1.327538
3 19 1 20 outer right 1 down down 0.249580 0.132926 1.096156 1.244613 1.294608
3 19 1 21 outer right NaN NaN up NaN 0.132946 1.199513 1.348028 1.397981
3 19 1 22 both right NaN NaN right NaN 0.132946 0.899618 1.064744 1.114674
3 19 1 23 inner right NaN NaN down NaN 0.132946 1.232905 1.397969 1.448024
3 19 1 24 inner right 1 down left 0.233024 0.132946 1.066782 1.215195 1.265140
3 19 1 25 none left 0 left left 0.188856 0.132967 1.116233 1.281237 1.331260
3 19 1 26 both right 1 up up 0.216423 0.132946 1.132784 1.281216 1.331214
3 19 1 27 none right NaN NaN left NaN 0.132926 0.816129 0.981155 1.031218
3 19 1 28 both right 1 left left 0.282898 0.132926 0.847200 1.012269 1.062262
3 19 1 29 inner left 1 right right 0.216332 0.132946 1.149561 1.297977 1.348043
3 19 1 30 none right 1 up up 0.266236 0.132926 1.032253 1.197412 1.247348
3 19 1 31 outer left NaN NaN right NaN 0.132946 0.966215 1.131297 1.181372
3 19 1 32 inner right NaN NaN right NaN 0.132946 1.116115 1.264585 1.314591
3 19 1 33 both right 1 down down 0.249561 0.132946 1.032351 1.180730 1.230734
3 19 1 34 outer left 1 up right 0.215113 0.132967 1.013945 1.179012 1.229021
3 19 1 35 both right 1 left right 0.249614 0.132946 1.082879 1.248053 1.298050
3 19 1 36 outer right 1 down down 0.282880 0.132967 0.949619 1.114647 1.164652
3 19 1 37 both left NaN NaN left NaN 0.132996 1.199458 1.364535 1.414544
3 19 1 38 none left 1 down down 0.215118 0.132996 0.899425 1.064578 1.114517
3 19 1 39 none left 1 up right 0.215165 0.132967 1.116210 1.281309 1.331381
3 19 1 40 inner left 1 left down 0.174797 0.132946 1.249013 1.397440 1.447428
3 20 2 1 none right 1 up right NaN 0.132926 1.096107 1.244459 1.294445
3 20 2 2 both right 1 down right NaN 0.132926 1.116313 1.281326 1.331330
3 20 2 3 inner left 1 right right NaN 0.132926 0.949656 1.114658 1.164649
3 20 2 4 inner left 1 right left NaN 0.132926 1.132977 1.298075 1.348071
3 20 2 5 outer right 1 right right NaN 0.132926 0.866220 1.031230 1.081233
3 20 2 6 inner right 1 up up NaN 0.132926 0.932773 1.097830 1.147844
3 20 2 7 both left 1 right left NaN 0.132926 1.216207 1.364660 1.414713
3 20 2 8 none right 1 down down NaN 0.132926 0.932900 1.098031 1.147975
3 20 2 9 outer right NaN NaN up NaN 0.132926 0.916280 1.081415 1.131407
3 20 2 10 inner right 1 left down NaN 0.132926 1.266158 1.414601 1.464645
3 20 2 11 outer right 1 down down NaN 0.132926 0.766289 0.931326 0.981268
3 20 2 12 none right 1 left left NaN 0.132926 0.816158 0.964613 1.014613
3 20 2 13 both left 1 right up NaN 0.132926 1.199579 1.364572 1.414537
3 20 2 14 inner right 1 down right NaN 0.132926 0.812097 0.977101 1.027104
3 20 2 15 both right 1 left down NaN 0.132926 0.879038 1.044117 1.094118
3 20 2 16 none right 1 down down NaN 0.132926 0.899556 1.064644 1.114709
3 20 2 17 inner right 1 left right NaN 0.132926 1.216045 1.364480 1.414466
3 20 2 18 both right 1 left left NaN 0.132926 1.062015 1.227066 1.277080
3 20 2 19 outer right 1 left up NaN 0.132926 0.866368 1.014865 1.064811
3 20 2 20 outer right 1 left up NaN 0.132926 0.766222 0.931382 0.981377
3 20 2 21 none right 1 up up NaN 0.132926 0.849563 0.998069 1.047969
3 20 2 22 inner right 1 left right NaN 0.132926 0.828940 0.994042 1.044040
3 20 2 23 outer right 1 up up NaN 0.132926 0.949523 1.097930 1.147943
3 20 2 24 none left 1 right right NaN 0.132926 1.066175 1.231241 1.281187
3 20 2 25 both left 1 right up NaN 0.132926 1.149644 1.314730 1.364635
3 20 2 26 both right 1 left up NaN 0.132926 0.799570 0.964490 1.014514
3 20 2 27 both right 1 left down NaN 0.132926 0.916096 1.081263 1.131196
3 20 2 28 inner right 1 left up NaN 0.132926 0.899587 1.047964 1.097976
3 20 2 29 outer left 0 right down NaN 0.132926 1.099595 1.264692 1.314625
3 20 2 30 outer left 1 up up NaN 0.132926 0.899667 1.064665 1.114810
3 20 2 31 none left 1 up down NaN 0.132926 1.166084 1.314549 1.364559
3 20 2 32 outer left NaN NaN up NaN 0.132926 1.215876 1.380879 1.430887
3 20 2 33 none right 1 up right NaN 0.132926 0.882324 1.030761 1.080752
3 20 2 34 inner left 1 up left NaN 0.132926 1.082851 1.247933 1.297916
3 20 2 35 both left 1 right up NaN 0.132926 0.832760 0.997916 1.047919
3 20 2 36 inner left 1 up up NaN 0.132926 1.066076 1.214503 1.264530
3 20 2 37 none right 1 up up NaN 0.132926 1.199643 1.364656 1.414648
3 20 2 38 both right 1 left down NaN 0.132926 1.249401 1.414579 1.464511
3 20 2 39 outer right 1 up left NaN 0.132926 0.932906 1.098065 1.148007
3 20 2 40 none left 1 right right NaN 0.132926 0.832825 0.997919 1.047927
